O:12:"CI_DB_result":8:{s:7:"conn_id";N;s:9:"result_id";N;s:12:"result_array";a:1:{i:0;a:9:{s:2:"id";s:1:"9";s:7:"country";s:9:"Indonesia";s:12:"station_code";s:2:"43";s:12:"country_code";s:4:"indo";s:13:"site_latitude";s:6:"111.17";s:14:"site_longitude";s:4:"6.75";s:13:"site_altitude";s:3:"7.0";s:4:"year";s:4:"1993";s:4:"data";s:20476:"111.17   6.75    7.0   0.00   0.00
    43  1993     1 16404  24.0  31.0  2.47   0.8   0.0
    43  1993     2 15217  23.5  30.0  2.31   0.9   3.0
    43  1993     3 16404  24.0  30.0  2.26   0.8   0.0
    43  1993     4 22342  22.0  33.0  2.19   0.9  16.0
    43  1993     5 17592  23.0  33.5  2.24   0.6  10.0
    43  1993     6 14029  24.0  30.5  2.47   0.5   0.0
    43  1993     7  9280  20.5  30.5  1.82   0.9   4.0
    43  1993     8 15217  23.5  29.5  2.39   0.9   0.0
    43  1993     9 25904  23.0  32.0  2.52   1.1  21.0
    43  1993    10 25904  23.5  31.0  2.39   1.1   0.0
    43  1993    11 20560  24.0  31.0  1.99   1.0   0.0
    43  1993    12 18779  24.0  33.0  2.47   1.1   0.0
    43  1993    13 18779  24.0  31.0  2.68   1.1   0.0
    43  1993    14 15217  24.0  32.0  2.68   1.0   0.0
    43  1993    15 14029  24.0  33.0  2.47   1.0   0.0
    43  1993    16 16404  23.5  33.5  2.11   1.0   0.0
    43  1993    17 14029  24.5  34.5  2.45   0.9  43.0
    43  1993    18 15217  23.5  34.0  2.11   1.0   0.0
    43  1993    19 10467  24.5  33.0  2.14   0.9   0.0
    43  1993    20 10467  24.0  32.0  2.29   1.0   0.0
    43  1993    21 15217  24.0  33.0  2.08   1.1   5.0
    43  1993    22  9280  24.5  32.0  2.14   1.0  17.0
    43  1993    23 14029  24.0  32.0  2.68   1.0  23.0
    43  1993    24  9280  24.0  32.0  2.29   1.2  27.0
    43  1993    25 15217  24.0  30.0  2.38   0.8  34.0
    43  1993    26 15217  23.5  31.0  2.02   0.9  32.0
    43  1993    27  9280  22.0  30.0  2.37   0.9   0.0
    43  1993    28  8092  23.0  29.0  2.52   1.0  36.0
    43  1993    29  9280  22.0  29.0  2.58   0.9  26.0
    43  1993    30 14029  21.0  30.0  2.43   1.0  21.0
    43  1993    31 14029  21.0  29.0  2.33   0.8  16.0
    43  1993    32 14029  23.5  29.0  2.39   0.8  33.0
    43  1993    33 14029  23.5  29.5  2.51   0.7   2.0
    43  1993    34 19967  25.0  29.0  2.62   1.1   2.0
    43  1993    35 21154  24.5  31.0  2.76   1.0  22.0
    43  1993    36 27091  23.5  31.0  2.39   0.9  11.0
    43  1993    37 12842  24.0  30.0  2.59   0.8   6.0
    43  1993    38 12842  23.5  29.0  2.39   0.9  10.0
    43  1993    39 27091  23.5  30.0  2.39   0.9  22.0
    43  1993    40 24716  23.5  31.0  2.39   0.7   0.0
    43  1993    41 21154  22.0  31.0  2.37   0.8   0.0
    43  1993    42 22342  23.0  32.0  2.32   0.8   0.0
    43  1993    43 21154  24.0  32.0  2.38   0.9   0.0
    43  1993    44 14029  23.5  31.5  2.31   0.9   0.0
    43  1993    45 15217  24.0  32.5  2.91   0.8   0.0
    43  1993    46 16404  24.0  32.0  2.26   0.7   0.0
    43  1993    47 16404  24.0  33.0  2.38   0.8   5.0
    43  1993    48 16404  24.0  32.0  2.29   1.1   5.0
    43  1993    49 12842  24.0  31.5  2.26   0.9  13.0
    43  1993    50 19967  24.0  32.0  2.59   1.0   0.0
    43  1993    51 21154  24.0  31.5  2.41   1.0   5.0
    43  1993    52 16404  24.0  32.0  2.47   1.1   0.0
    43  1993    53 17592  24.0  33.0  2.68   1.3   3.0
    43  1993    54 21154  24.0  31.5  2.59   0.8   0.0
    43  1993    55 19967  23.0  32.0  2.43   1.2   0.0
    43  1993    56 16404  23.5  32.5  2.39   1.2   2.0
    43  1993    57 22342  24.0  31.0  2.38   1.0   0.0
    43  1993    58 16998  24.0  32.0  2.59   0.8   7.0
    43  1993    59 13436  24.0  32.0  2.47   0.8   3.0
    43  1993    60 21154  23.7  31.4  2.53   0.8   0.0
    43  1993    61  8092  23.5  32.3  2.51   0.8   0.0
    43  1993    62 17829  24.0  32.0  2.47   1.0   8.0
    43  1993    63 12367  24.0  32.5  2.59   0.8   0.0
    43  1993    64 11892  23.5  31.0  2.60   1.0   0.0
    43  1993    65 18423  22.5  30.5  2.36   1.1   0.0
    43  1993    66 14267  23.5  31.6  2.60   0.7  25.0
    43  1993    67 16404  23.0  30.5  2.43   1.0   0.0
    43  1993    68 16998  24.5  32.0  2.54   0.8   0.0
    43  1993    69 15929  23.0  32.0  2.32   0.7   3.0
    43  1993    70 14504  24.5  32.0  2.54   0.9   0.0
    43  1993    71 15217  23.0  32.0  2.52   0.7   0.0
    43  1993    72 16404  23.8  32.5  2.56   0.7   0.0
    43  1993    73 21154  24.5  33.5  2.54   0.8   0.0
    43  1993    74 20204  23.0  32.0  2.32   0.7   0.0
    43  1993    75 22342  24.5  33.0  2.67   0.8   0.0
    43  1993    76 19610  24.0  33.5  2.41   0.7   0.0
    43  1993    77 14029  24.0  31.5  2.47   0.8   0.0
    43  1993    78 16404  24.5  31.0  2.76   0.7   0.0
    43  1993    79 14029  24.0  33.0  2.47   0.9   0.0
    43  1993    80 14623  24.0  33.5  2.68   0.8  23.0
    43  1993    81 16167  24.0  32.0  2.47   0.9   0.0
    43  1993    82 14267  24.5  32.0  2.76   0.8   0.0
    43  1993    83 15811  24.0  33.0  2.68   0.8   0.0
    43  1993    84 17592  24.5  33.0  2.54   0.9   0.0
    43  1993    85 22342  24.0  32.0  2.68   0.8  16.0
    43  1993    86 11654  23.0  32.0  2.74   1.1   2.0
    43  1993    87 16404  24.0  32.5  2.79   0.9  36.0
    43  1993    88 16998  24.5  33.0  2.76   0.9   0.0
    43  1993    89 16167  24.0  33.0  2.47   0.9   7.0
    43  1993    90 16282  24.0  33.5  2.47   0.9   2.0
    43  1993    91 16058  24.1  32.1  2.62   0.8   3.0
    43  1993    92 17592  24.5  33.2  2.45   0.8   2.0
    43  1993    93 17829  25.0  34.5  2.84   0.5   6.0
    43  1993    94 19967  25.0  34.0  2.84   0.7  30.0
    43  1993    95 21154  24.1  34.5  2.60   0.9   0.0
    43  1993    96 21154  25.0  33.5  2.75   0.9   0.0
    43  1993    97 19017  24.0  33.5  2.59   0.7   0.0
    43  1993    98 23054  24.0  33.0  2.59   1.1  26.0
    43  1993    99 19017  25.5  32.5  3.19   0.8   0.0
    43  1993   100 19729  24.5  33.0  2.67   0.8   0.0
    43  1993   101 16998  25.0  32.5  2.62   0.9   0.0
    43  1993   102 15217  24.5  33.0  2.45   0.8   7.0
    43  1993   103 20442  24.0  32.5  2.59   0.9   7.0
    43  1993   104 19967  29.0  33.5  3.60   0.8   0.0
    43  1993   105 17592  24.5  32.5  2.67   0.8   0.0
    43  1993   106 15217  29.5  33.0  3.58   0.9  13.0
    43  1993   107 18542  25.0  32.0  2.75   0.9   0.0
    43  1993   108 14742  25.0  33.0  2.75   0.8   0.0
    43  1993   109 16404  23.0  34.0  2.32   1.0   0.0
    43  1993   110 21154  24.4  34.0  2.56   0.9   6.0
    43  1993   111 17592  24.0  34.0  2.47   1.1   0.0
    43  1993   112 16642  24.0  33.5  2.47   1.0   0.0
    43  1993   113 21035  22.5  34.5  2.25   0.8   0.0
    43  1993   114  8805  29.5  34.5  3.13   1.0   0.0
    43  1993   115 16286  29.0  34.0  3.20   0.8   0.0
    43  1993   116 15217  25.0  33.5  3.09   1.2   1.0
    43  1993   117 15929  23.0  33.5  2.24   1.2   0.0
    43  1993   118 15811  24.0  34.0  2.68   1.0   0.0
    43  1993   119 13911  24.0  34.0  2.38   0.9   0.0
    43  1993   120 14742  24.0  33.0  2.79   0.9   0.0
    43  1993   121 15811  24.0  33.0  2.68   0.8   0.0
    43  1993   122 19492  24.0  32.0  2.61   1.0  25.0
    43  1993   123 15217  24.0  34.0  2.38   1.1   0.0
    43  1993   124 18423  24.0  33.5  2.05   1.0   0.0
    43  1993   125 18185  24.5  34.0  2.54   1.0   0.0
    43  1993   126 19967  24.0  32.0  2.59   1.2   0.0
    43  1993   127 16167  24.5  34.0  2.67   1.0   0.0
    43  1993   128 16404  24.0  34.0  2.59   1.0   0.0
    43  1993   129 16523  24.0  33.0  2.26   1.0   0.0
    43  1993   130 18067  24.5  33.0  2.76   0.8   1.0
    43  1993   131 15336  24.0  32.0  2.68   1.0   0.0
    43  1993   132 16404  24.5  32.0  2.54   0.8   0.0
    43  1993   133 19254  24.0  32.0  2.47   0.7   0.0
    43  1993   134 15573  23.5  31.0  2.60   0.7   0.0
    43  1993   135 16642  24.0  32.0  2.59   0.7   0.0
    43  1993   136 17592  24.5  34.0  2.76   1.0   0.0
    43  1993   137 14267  24.5  33.0  2.54   0.6   0.0
    43  1993   138 18423  24.5  31.5  2.45   0.7   0.0
    43  1993   139 19492  24.0  33.5  2.47   0.8   0.0
    43  1993   140 14267  25.0  33.0  2.75   0.8   2.0
    43  1993   141 11417  23.0  32.0  2.15   0.8   0.0
    43  1993   142 16761  24.0  33.0  2.47   0.8   0.0
    43  1993   143 13911  23.0  32.0  2.32   0.9   0.0
    43  1993   144 13436  23.0  33.0  2.32   1.0   0.0
    43  1993   145 11536  24.0  33.0  2.59   0.9   0.0
    43  1993   146 16404  24.0  33.0  2.47   0.9   0.0
    43  1993   147 22579  22.0  32.5  2.03   0.8   0.0
    43  1993   148 16404  23.0  32.0  2.32   0.8   0.0
    43  1993   149 13792  23.0  32.5  2.35   0.8   0.0
    43  1993   150 12842  24.0  32.5  2.17   0.9   0.0
    43  1993   151 14623  24.5  32.0  2.67   0.9   0.0
    43  1993   152 15595  24.0  34.0  2.26   1.0   0.0
    43  1993   153 15480  23.9  32.2  2.52   1.1   0.0
    43  1993   154 15217  24.0  34.0  2.23   1.1   0.0
    43  1993   155 18067  24.0  33.5  2.41   1.2   0.0
    43  1993   156 18185  24.5  34.0  2.54   1.1   0.0
    43  1993   157 19967  24.0  32.0  2.59   1.2   0.0
    43  1993   158 16167  24.5  34.0  2.54   1.2   3.0
    43  1993   159 16404  24.0  34.0  2.50   1.3   3.0
    43  1993   160 16523  24.0  33.0  2.59   1.1  10.0
    43  1993   161 18067  24.5  33.0  3.00   1.2  13.0
    43  1993   162 15336  24.0  32.0  2.47   1.1  49.0
    43  1993   163 16404  24.5  32.0  2.67   1.0  66.0
    43  1993   164 19254  24.0  32.0  2.47   1.3   0.0
    43  1993   165 15573  25.0  31.0  2.75   1.3   3.0
    43  1993   166 16642  24.0  32.0  2.59   1.3   0.0
    43  1993   167 17592  24.5  34.0  2.54   1.3   0.0
    43  1993   168 14267  24.5  34.0  2.76   1.1  44.0
    43  1993   169 18423  24.5  31.5  2.76   1.2   0.0
    43  1993   170 19492  24.0  33.5  2.59   1.2  72.0
    43  1993   171 14267  25.0  33.0  2.84   1.2   0.0
    43  1993   172 11417  23.0  32.0  2.43   1.2   0.0
    43  1993   173 16761  24.0  33.0  2.50   1.2   0.0
    43  1993   174 13911  23.0  32.0  2.35   1.1   0.0
    43  1993   175 13436  23.0  33.0  2.35   1.4   0.0
    43  1993   176 11536  24.0  33.0  2.29   1.4   0.0
    43  1993   177 16404  24.0  33.0  2.50   1.4   0.0
    43  1993   178 22579  22.0  32.5  2.37   1.4   0.0
    43  1993   179 16404  23.0  32.0  2.32   1.3   0.0
    43  1993   180 14029  23.0  32.5  2.24   1.4   0.0
    43  1993   181 12842  24.0  33.5  2.59   1.4   0.0
    43  1993   182 14623  24.5  32.0  2.54   1.5   0.0
    43  1993   183 15979  24.0  34.0  2.29   1.4   0.0
    43  1993   184 16384  23.2  32.0  2.41   1.4   0.0
    43  1993   185 15755  23.3  31.7  2.40   1.2   0.0
    43  1993   186 14590  23.0  31.7  2.41   1.2   1.0
    43  1993   187 14076  23.1  31.8  2.36   1.2   0.0
    43  1993   188 13835  22.6  31.0  2.29   1.6   0.0
    43  1993   189 15633  22.9  31.5  2.32   1.5   0.0
    43  1993   190 16682  23.1  31.6  2.32   1.6   0.0
    43  1993   191 15483  22.7  31.7  2.34   1.4   0.0
    43  1993   192 14239  23.3  31.2  2.41   1.7   0.0
    43  1993   193 15167  22.7  31.6  2.29   1.6   0.0
    43  1993   194 16133  22.9  31.5  2.32   1.5   0.0
    43  1993   195 14402  22.8  31.7  2.30   1.5   0.0
    43  1993   196 15508  22.5  31.5  2.32   1.3   0.0
    43  1993   197 16390  22.8  31.6  2.30   1.4   0.0
    43  1993   198 15905  22.7  31.8  2.28   1.7   0.0
    43  1993   199 17098  22.5  32.0  2.25   1.5   0.0
    43  1993   200 17370  22.6  31.7  2.26   1.5   0.0
    43  1993   201 15940  22.4  31.6  2.29   1.3   0.0
    43  1993   202 17477  22.7  31.8  2.33   1.3   5.0
    43  1993   203 17249  22.8  31.8  2.38   1.3   0.0
    43  1993   204 16903  22.8  31.9  2.34   1.4   0.0
    43  1993   205 16376  22.7  31.7  2.32   1.4   0.0
    43  1993   206 14981  22.9  31.7  2.32   1.4   0.0
    43  1993   207 15744  23.0  31.8  2.32   1.5   0.0
    43  1993   208 17621  22.6  31.8  2.29   1.6   0.0
    43  1993   209 14682  22.5  31.6  2.27   1.4   0.0
    43  1993   210 16545  22.7  31.4  2.32   1.7   0.0
    43  1993   211 16949  22.7  31.7  2.35   1.5   0.0
    43  1993   212 17034  22.9  31.8  2.32   1.8   0.0
    43  1993   213 17449  23.0  31.4  2.20   1.9   0.0
    43  1993   214 16726  23.0  32.0  2.24   1.6   0.0
    43  1993   215 17911  22.9  32.0  2.23   1.5   0.0
    43  1993   216 17443  22.8  32.1  2.22   1.9   0.0
    43  1993   217 16983  23.0  32.1  2.22   1.8   0.0
    43  1993   218 16836  23.2  32.1  2.28   1.9   0.0
    43  1993   219 17857  23.0  32.2  2.28   1.7   0.0
    43  1993   220 17553  22.8  31.5  2.28   2.1   0.0
    43  1993   221 18121  22.9  32.0  2.23   1.6   0.0
    43  1993   222 17529  22.4  31.9  2.16   1.9   0.0
    43  1993   223 17567  22.3  32.2  2.14   1.8   0.0
    43  1993   224 17304  22.4  32.1  2.13   1.6   0.0
    43  1993   225 17668  22.7  32.0  2.21   2.0   0.0
    43  1993   226 17664  22.6  32.2  2.27   1.7   0.0
    43  1993   227 16740  22.9  32.0  2.16   1.9   0.0
    43  1993   228 17546  23.1  32.3  2.24   1.9   0.0
    43  1993   229 17950  22.6  32.6  2.19   1.7   0.0
    43  1993   230 18249  22.7  32.3  2.18   2.0   0.0
    43  1993   231 17262  22.3  32.3  2.16   1.8   0.0
    43  1993   232 18914  22.3  32.4  2.11   1.7   0.0
    43  1993   233 18497  22.2  32.3  2.09   1.8   0.0
    43  1993   234 18380  22.7  32.4  2.15   2.0   0.0
    43  1993   235 17885  22.8  32.2  2.18   2.1   0.0
    43  1993   236 18044  22.8  32.4  2.20   1.9   0.0
    43  1993   237 18337  23.0  32.4  2.26   2.1   0.0
    43  1993   238 18370  23.0  32.4  2.23   1.8   0.0
    43  1993   239 17977  22.7  32.3  2.25   2.0   0.0
    43  1993   240 18040  22.9  32.3  2.30   2.1   0.0
    43  1993   241 17854  22.9  32.3  2.26   1.8   0.0
    43  1993   242 18641  23.0  32.4  2.22   1.7   0.0
    43  1993   243 18371  22.7  32.4  2.20   1.8   0.0
    43  1993   244 18270  23.1  32.7  2.26   1.8   0.0
    43  1993   245 19202  23.4  32.8  2.29   1.9   0.0
    43  1993   246 19506  23.4  32.7  2.29   1.8   0.0
    43  1993   247 19959  23.1  32.9  2.31   1.9   0.0
    43  1993   248 18969  23.3  32.7  2.31   2.1   0.0
    43  1993   249 18698  23.2  32.6  2.33   1.9   0.0
    43  1993   250 17583  23.5  32.6  2.32   2.0   6.0
    43  1993   251 18141  23.2  32.5  2.34   2.3   0.0
    43  1993   252 18062  23.6  32.6  2.28   2.0   0.0
    43  1993   253 17844  23.4  32.9  2.29   1.8   0.0
    43  1993   254 18457  23.5  32.9  2.35   2.5   0.0
    43  1993   255 19411  23.2  33.0  2.33   2.5   0.0
    43  1993   256 19009  23.9  32.8  2.47   2.4   0.0
    43  1993   257 17997  23.3  33.0  2.29   2.2   0.0
    43  1993   258 18679  22.8  32.8  2.17   1.9   3.0
    43  1993   259 18897  23.3  32.5  2.24   1.9   0.0
    43  1993   260 18333  23.3  32.8  2.26   1.6   0.0
    43  1993   261 17737  23.3  32.8  2.21   1.8   0.0
    43  1993   262 18431  23.3  32.9  2.27   2.0   0.0
    43  1993   263 19350  23.3  32.7  2.28   1.8   0.0
    43  1993   264 19557  23.2  32.9  2.26   1.8   0.0
    43  1993   265 18545  23.4  33.2  2.31   2.0   2.0
    43  1993   266 19038  23.5  32.7  2.25   2.0   0.0
    43  1993   267 17671  23.3  32.9  2.30   1.8   0.0
    43  1993   268 18316  23.1  32.9  2.26   1.7   0.0
    43  1993   269 17229  23.4  32.3  2.34   1.5   0.0
    43  1993   270 18146  23.3  32.7  2.27   1.7   0.0
    43  1993   271 18828  23.3  32.7  2.32   1.8   0.0
    43  1993   272 20160  23.1  33.1  2.27   1.7   0.0
    43  1993   273 21305  23.4  33.0  2.31   1.7   0.0
    43  1993   274 19677  23.9  32.8  2.36   1.9   0.0
    43  1993   275 19842  23.8  32.8  2.33   1.9   0.0
    43  1993   276 18104  23.8  32.5  2.37   1.9   0.0
    43  1993   277 17561  23.8  32.8  2.38   1.8   3.0
    43  1993   278 19248  23.6  33.2  2.37   1.8  20.0
    43  1993   279 18429  23.8  32.9  2.33   1.8   0.0
    43  1993   280 18987  23.8  33.1  2.31   1.6   0.0
    43  1993   281 19072  23.6  33.3  2.32   1.4   0.0
    43  1993   282 19046  23.3  32.9  2.22   1.6   2.0
    43  1993   283 18693  23.5  32.6  2.29   1.6   4.0
    43  1993   284 18661  23.5  33.1  2.32   1.7   0.0
    43  1993   285 19404  23.9  33.3  2.39   1.7   0.0
    43  1993   286 18940  24.0  33.2  2.39   1.9   0.0
    43  1993   287 19412  23.9  33.1  2.36   1.7  23.0
    43  1993   288 18774  24.0  33.1  2.37   1.7   0.0
    43  1993   289 18250  23.8  32.3  2.36   1.6   0.0
    43  1993   290 18791  24.1  32.8  2.38   1.5   0.0
    43  1993   291 19202  24.1  33.0  2.44   1.4   0.0
    43  1993   292 19780  24.0  32.7  2.41   1.6  43.0
    43  1993   293 20050  24.0  32.6  2.36   1.4  28.0
    43  1993   294 17462  23.8  32.5  2.41   1.2   0.0
    43  1993   295 18873  23.6  32.5  2.38   1.7   0.0
    43  1993   296 18706  23.6  32.7  2.37   1.5   0.0
    43  1993   297 18016  23.9  32.8  2.39   1.4   0.0
    43  1993   298 17168  23.8  32.5  2.38   1.6   0.0
    43  1993   299 16896  23.7  32.4  2.36   1.2   0.0
    43  1993   300 17251  23.4  32.4  2.33   1.8   0.0
    43  1993   301 18069  23.4  32.5  2.31   2.0   0.0
    43  1993   302 17197  23.9  32.6  2.43   1.4   0.0
    43  1993   303 17198  23.9  32.6  2.49   1.5   0.0
    43  1993   304 17499  23.6  32.4  2.40   1.5   0.0
    43  1993   305 17844  24.1  32.5  2.38   1.3   0.0
    43  1993   306 18060  24.1  32.9  2.45   1.3   0.0
    43  1993   307 18595  23.7  33.1  2.38   1.3   0.0
    43  1993   308 18886  24.2  33.1  2.48   1.4   0.0
    43  1993   309 18092  23.9  32.7  2.40   1.3   0.0
    43  1993   310 17532  24.3  33.0  2.41   1.3   0.0
    43  1993   311 17918  24.2  32.9  2.44   1.1   0.0
    43  1993   312 16820  23.9  33.0  2.41   1.2   0.0
    43  1993   313 15777  23.8  32.7  2.36   1.2   0.0
    43  1993   314 16835  24.2  32.6  2.42   1.4   0.0
    43  1993   315 17543  24.1  32.4  2.45   1.5  17.0
    43  1993   316 16571  23.9  32.5  2.40   1.3   0.0
    43  1993   317 15286  24.4  32.3  2.49   1.2   0.0
    43  1993   318 16521  24.4  32.6  2.55   1.2   0.0
    43  1993   319 15225  23.9  32.4  2.46   1.1   0.0
    43  1993   320 16314  23.7  32.2  2.37   1.2   0.0
    43  1993   321 15354  23.9  32.2  2.43   1.3   0.0
    43  1993   322 15139  23.8  32.4  2.49   1.0   0.0
    43  1993   323 17855  23.8  32.4  2.48   1.2   0.0
    43  1993   324 17011  23.9  32.6  2.45   1.3   0.0
    43  1993   325 16344  23.8  32.4  2.48   1.0   0.0
    43  1993   326 16160  24.0  32.6  2.44   0.9   0.0
    43  1993   327 17439  23.9  32.7  2.39   1.0   0.0
    43  1993   328 13869  24.0  32.1  2.43   1.2   0.0
    43  1993   329 15918  23.6  31.7  2.51   1.7   0.0
    43  1993   330 15927  23.8  31.7  2.45   1.2  10.0
    43  1993   331 14990  23.8  32.0  2.40   1.0   0.0
    43  1993   332 15295  23.6  31.4  2.40   0.9   0.0
    43  1993   333 15369  23.8  31.9  2.40   0.8   0.0
    43  1993   334 15042  23.5  31.7  2.41   0.7   5.0
    43  1993   335 15239  23.6  32.2  2.41   0.9   0.0
    43  1993   336 12245  23.9  31.5  2.45   0.9   0.0
    43  1993   337 14794  24.0  31.9  2.50   0.9  33.0
    43  1993   338 15320  23.9  31.6  2.49   1.1   0.0
    43  1993   339 13712  23.9  31.7  2.50   1.1   0.0
    43  1993   340 16012  23.8  31.3  2.51   1.0   0.0
    43  1993   341 16075  23.5  31.8  2.42   0.9   8.0
    43  1993   342 15309  23.6  31.6  2.47   0.8   2.0
    43  1993   343 14387  23.7  31.9  2.48   0.8   0.0
    43  1993   344 15151  23.8  31.6  2.50   1.1   0.0
    43  1993   345 13407  23.6  31.3  2.47   0.9   0.0
    43  1993   346 12850  23.7  31.1  2.48   0.9   0.0
    43  1993   347 14309  23.6  30.9  2.46   0.8   0.0
    43  1993   348 13950  23.7  31.1  2.48   0.8   0.0
    43  1993   349 12881  23.8  31.0  2.48   0.8   0.0
    43  1993   350 13597  23.4  31.0  2.38   0.7   0.0
    43  1993   351 14140  23.7  31.4  2.42   0.8   0.0
    43  1993   352 14977  23.7  31.4  2.45   1.1   0.0
    43  1993   353 13790  23.8  31.0  2.47   1.1  12.0
    43  1993   354 13923  23.8  31.4  2.44   0.9   7.0
    43  1993   355 15113  23.8  31.5  2.49   0.7   0.0
    43  1993   356 14880  23.4  31.5  2.44   0.7   0.0
    43  1993   357 14492  23.5  31.0  2.47   0.7   0.0
    43  1993   358 15310  23.6  31.1  2.44   0.7   0.0
    43  1993   359 14909  23.5  31.0  2.44   0.9  15.0
    43  1993   360 13962  23.6  30.9  2.46   0.8  45.0
    43  1993   361 12616  23.5  30.5  2.42   0.9  24.0
    43  1993   362 15192  23.5  30.2  2.49   0.7   0.0
    43  1993   363 14082  23.4  30.7  2.40   0.9   0.0
    43  1993   364 13105  23.6  30.5  2.47   0.7   0.0
    43  1993   365 14132  23.3  30.9  2.43   0.8   0.0
";}}s:13:"result_object";a:1:{i:0;O:8:"stdClass":9:{s:2:"id";s:1:"9";s:7:"country";s:9:"Indonesia";s:12:"station_code";s:2:"43";s:12:"country_code";s:4:"indo";s:13:"site_latitude";s:6:"111.17";s:14:"site_longitude";s:4:"6.75";s:13:"site_altitude";s:3:"7.0";s:4:"year";s:4:"1993";s:4:"data";s:20476:"111.17   6.75    7.0   0.00   0.00
    43  1993     1 16404  24.0  31.0  2.47   0.8   0.0
    43  1993     2 15217  23.5  30.0  2.31   0.9   3.0
    43  1993     3 16404  24.0  30.0  2.26   0.8   0.0
    43  1993     4 22342  22.0  33.0  2.19   0.9  16.0
    43  1993     5 17592  23.0  33.5  2.24   0.6  10.0
    43  1993     6 14029  24.0  30.5  2.47   0.5   0.0
    43  1993     7  9280  20.5  30.5  1.82   0.9   4.0
    43  1993     8 15217  23.5  29.5  2.39   0.9   0.0
    43  1993     9 25904  23.0  32.0  2.52   1.1  21.0
    43  1993    10 25904  23.5  31.0  2.39   1.1   0.0
    43  1993    11 20560  24.0  31.0  1.99   1.0   0.0
    43  1993    12 18779  24.0  33.0  2.47   1.1   0.0
    43  1993    13 18779  24.0  31.0  2.68   1.1   0.0
    43  1993    14 15217  24.0  32.0  2.68   1.0   0.0
    43  1993    15 14029  24.0  33.0  2.47   1.0   0.0
    43  1993    16 16404  23.5  33.5  2.11   1.0   0.0
    43  1993    17 14029  24.5  34.5  2.45   0.9  43.0
    43  1993    18 15217  23.5  34.0  2.11   1.0   0.0
    43  1993    19 10467  24.5  33.0  2.14   0.9   0.0
    43  1993    20 10467  24.0  32.0  2.29   1.0   0.0
    43  1993    21 15217  24.0  33.0  2.08   1.1   5.0
    43  1993    22  9280  24.5  32.0  2.14   1.0  17.0
    43  1993    23 14029  24.0  32.0  2.68   1.0  23.0
    43  1993    24  9280  24.0  32.0  2.29   1.2  27.0
    43  1993    25 15217  24.0  30.0  2.38   0.8  34.0
    43  1993    26 15217  23.5  31.0  2.02   0.9  32.0
    43  1993    27  9280  22.0  30.0  2.37   0.9   0.0
    43  1993    28  8092  23.0  29.0  2.52   1.0  36.0
    43  1993    29  9280  22.0  29.0  2.58   0.9  26.0
    43  1993    30 14029  21.0  30.0  2.43   1.0  21.0
    43  1993    31 14029  21.0  29.0  2.33   0.8  16.0
    43  1993    32 14029  23.5  29.0  2.39   0.8  33.0
    43  1993    33 14029  23.5  29.5  2.51   0.7   2.0
    43  1993    34 19967  25.0  29.0  2.62   1.1   2.0
    43  1993    35 21154  24.5  31.0  2.76   1.0  22.0
    43  1993    36 27091  23.5  31.0  2.39   0.9  11.0
    43  1993    37 12842  24.0  30.0  2.59   0.8   6.0
    43  1993    38 12842  23.5  29.0  2.39   0.9  10.0
    43  1993    39 27091  23.5  30.0  2.39   0.9  22.0
    43  1993    40 24716  23.5  31.0  2.39   0.7   0.0
    43  1993    41 21154  22.0  31.0  2.37   0.8   0.0
    43  1993    42 22342  23.0  32.0  2.32   0.8   0.0
    43  1993    43 21154  24.0  32.0  2.38   0.9   0.0
    43  1993    44 14029  23.5  31.5  2.31   0.9   0.0
    43  1993    45 15217  24.0  32.5  2.91   0.8   0.0
    43  1993    46 16404  24.0  32.0  2.26   0.7   0.0
    43  1993    47 16404  24.0  33.0  2.38   0.8   5.0
    43  1993    48 16404  24.0  32.0  2.29   1.1   5.0
    43  1993    49 12842  24.0  31.5  2.26   0.9  13.0
    43  1993    50 19967  24.0  32.0  2.59   1.0   0.0
    43  1993    51 21154  24.0  31.5  2.41   1.0   5.0
    43  1993    52 16404  24.0  32.0  2.47   1.1   0.0
    43  1993    53 17592  24.0  33.0  2.68   1.3   3.0
    43  1993    54 21154  24.0  31.5  2.59   0.8   0.0
    43  1993    55 19967  23.0  32.0  2.43   1.2   0.0
    43  1993    56 16404  23.5  32.5  2.39   1.2   2.0
    43  1993    57 22342  24.0  31.0  2.38   1.0   0.0
    43  1993    58 16998  24.0  32.0  2.59   0.8   7.0
    43  1993    59 13436  24.0  32.0  2.47   0.8   3.0
    43  1993    60 21154  23.7  31.4  2.53   0.8   0.0
    43  1993    61  8092  23.5  32.3  2.51   0.8   0.0
    43  1993    62 17829  24.0  32.0  2.47   1.0   8.0
    43  1993    63 12367  24.0  32.5  2.59   0.8   0.0
    43  1993    64 11892  23.5  31.0  2.60   1.0   0.0
    43  1993    65 18423  22.5  30.5  2.36   1.1   0.0
    43  1993    66 14267  23.5  31.6  2.60   0.7  25.0
    43  1993    67 16404  23.0  30.5  2.43   1.0   0.0
    43  1993    68 16998  24.5  32.0  2.54   0.8   0.0
    43  1993    69 15929  23.0  32.0  2.32   0.7   3.0
    43  1993    70 14504  24.5  32.0  2.54   0.9   0.0
    43  1993    71 15217  23.0  32.0  2.52   0.7   0.0
    43  1993    72 16404  23.8  32.5  2.56   0.7   0.0
    43  1993    73 21154  24.5  33.5  2.54   0.8   0.0
    43  1993    74 20204  23.0  32.0  2.32   0.7   0.0
    43  1993    75 22342  24.5  33.0  2.67   0.8   0.0
    43  1993    76 19610  24.0  33.5  2.41   0.7   0.0
    43  1993    77 14029  24.0  31.5  2.47   0.8   0.0
    43  1993    78 16404  24.5  31.0  2.76   0.7   0.0
    43  1993    79 14029  24.0  33.0  2.47   0.9   0.0
    43  1993    80 14623  24.0  33.5  2.68   0.8  23.0
    43  1993    81 16167  24.0  32.0  2.47   0.9   0.0
    43  1993    82 14267  24.5  32.0  2.76   0.8   0.0
    43  1993    83 15811  24.0  33.0  2.68   0.8   0.0
    43  1993    84 17592  24.5  33.0  2.54   0.9   0.0
    43  1993    85 22342  24.0  32.0  2.68   0.8  16.0
    43  1993    86 11654  23.0  32.0  2.74   1.1   2.0
    43  1993    87 16404  24.0  32.5  2.79   0.9  36.0
    43  1993    88 16998  24.5  33.0  2.76   0.9   0.0
    43  1993    89 16167  24.0  33.0  2.47   0.9   7.0
    43  1993    90 16282  24.0  33.5  2.47   0.9   2.0
    43  1993    91 16058  24.1  32.1  2.62   0.8   3.0
    43  1993    92 17592  24.5  33.2  2.45   0.8   2.0
    43  1993    93 17829  25.0  34.5  2.84   0.5   6.0
    43  1993    94 19967  25.0  34.0  2.84   0.7  30.0
    43  1993    95 21154  24.1  34.5  2.60   0.9   0.0
    43  1993    96 21154  25.0  33.5  2.75   0.9   0.0
    43  1993    97 19017  24.0  33.5  2.59   0.7   0.0
    43  1993    98 23054  24.0  33.0  2.59   1.1  26.0
    43  1993    99 19017  25.5  32.5  3.19   0.8   0.0
    43  1993   100 19729  24.5  33.0  2.67   0.8   0.0
    43  1993   101 16998  25.0  32.5  2.62   0.9   0.0
    43  1993   102 15217  24.5  33.0  2.45   0.8   7.0
    43  1993   103 20442  24.0  32.5  2.59   0.9   7.0
    43  1993   104 19967  29.0  33.5  3.60   0.8   0.0
    43  1993   105 17592  24.5  32.5  2.67   0.8   0.0
    43  1993   106 15217  29.5  33.0  3.58   0.9  13.0
    43  1993   107 18542  25.0  32.0  2.75   0.9   0.0
    43  1993   108 14742  25.0  33.0  2.75   0.8   0.0
    43  1993   109 16404  23.0  34.0  2.32   1.0   0.0
    43  1993   110 21154  24.4  34.0  2.56   0.9   6.0
    43  1993   111 17592  24.0  34.0  2.47   1.1   0.0
    43  1993   112 16642  24.0  33.5  2.47   1.0   0.0
    43  1993   113 21035  22.5  34.5  2.25   0.8   0.0
    43  1993   114  8805  29.5  34.5  3.13   1.0   0.0
    43  1993   115 16286  29.0  34.0  3.20   0.8   0.0
    43  1993   116 15217  25.0  33.5  3.09   1.2   1.0
    43  1993   117 15929  23.0  33.5  2.24   1.2   0.0
    43  1993   118 15811  24.0  34.0  2.68   1.0   0.0
    43  1993   119 13911  24.0  34.0  2.38   0.9   0.0
    43  1993   120 14742  24.0  33.0  2.79   0.9   0.0
    43  1993   121 15811  24.0  33.0  2.68   0.8   0.0
    43  1993   122 19492  24.0  32.0  2.61   1.0  25.0
    43  1993   123 15217  24.0  34.0  2.38   1.1   0.0
    43  1993   124 18423  24.0  33.5  2.05   1.0   0.0
    43  1993   125 18185  24.5  34.0  2.54   1.0   0.0
    43  1993   126 19967  24.0  32.0  2.59   1.2   0.0
    43  1993   127 16167  24.5  34.0  2.67   1.0   0.0
    43  1993   128 16404  24.0  34.0  2.59   1.0   0.0
    43  1993   129 16523  24.0  33.0  2.26   1.0   0.0
    43  1993   130 18067  24.5  33.0  2.76   0.8   1.0
    43  1993   131 15336  24.0  32.0  2.68   1.0   0.0
    43  1993   132 16404  24.5  32.0  2.54   0.8   0.0
    43  1993   133 19254  24.0  32.0  2.47   0.7   0.0
    43  1993   134 15573  23.5  31.0  2.60   0.7   0.0
    43  1993   135 16642  24.0  32.0  2.59   0.7   0.0
    43  1993   136 17592  24.5  34.0  2.76   1.0   0.0
    43  1993   137 14267  24.5  33.0  2.54   0.6   0.0
    43  1993   138 18423  24.5  31.5  2.45   0.7   0.0
    43  1993   139 19492  24.0  33.5  2.47   0.8   0.0
    43  1993   140 14267  25.0  33.0  2.75   0.8   2.0
    43  1993   141 11417  23.0  32.0  2.15   0.8   0.0
    43  1993   142 16761  24.0  33.0  2.47   0.8   0.0
    43  1993   143 13911  23.0  32.0  2.32   0.9   0.0
    43  1993   144 13436  23.0  33.0  2.32   1.0   0.0
    43  1993   145 11536  24.0  33.0  2.59   0.9   0.0
    43  1993   146 16404  24.0  33.0  2.47   0.9   0.0
    43  1993   147 22579  22.0  32.5  2.03   0.8   0.0
    43  1993   148 16404  23.0  32.0  2.32   0.8   0.0
    43  1993   149 13792  23.0  32.5  2.35   0.8   0.0
    43  1993   150 12842  24.0  32.5  2.17   0.9   0.0
    43  1993   151 14623  24.5  32.0  2.67   0.9   0.0
    43  1993   152 15595  24.0  34.0  2.26   1.0   0.0
    43  1993   153 15480  23.9  32.2  2.52   1.1   0.0
    43  1993   154 15217  24.0  34.0  2.23   1.1   0.0
    43  1993   155 18067  24.0  33.5  2.41   1.2   0.0
    43  1993   156 18185  24.5  34.0  2.54   1.1   0.0
    43  1993   157 19967  24.0  32.0  2.59   1.2   0.0
    43  1993   158 16167  24.5  34.0  2.54   1.2   3.0
    43  1993   159 16404  24.0  34.0  2.50   1.3   3.0
    43  1993   160 16523  24.0  33.0  2.59   1.1  10.0
    43  1993   161 18067  24.5  33.0  3.00   1.2  13.0
    43  1993   162 15336  24.0  32.0  2.47   1.1  49.0
    43  1993   163 16404  24.5  32.0  2.67   1.0  66.0
    43  1993   164 19254  24.0  32.0  2.47   1.3   0.0
    43  1993   165 15573  25.0  31.0  2.75   1.3   3.0
    43  1993   166 16642  24.0  32.0  2.59   1.3   0.0
    43  1993   167 17592  24.5  34.0  2.54   1.3   0.0
    43  1993   168 14267  24.5  34.0  2.76   1.1  44.0
    43  1993   169 18423  24.5  31.5  2.76   1.2   0.0
    43  1993   170 19492  24.0  33.5  2.59   1.2  72.0
    43  1993   171 14267  25.0  33.0  2.84   1.2   0.0
    43  1993   172 11417  23.0  32.0  2.43   1.2   0.0
    43  1993   173 16761  24.0  33.0  2.50   1.2   0.0
    43  1993   174 13911  23.0  32.0  2.35   1.1   0.0
    43  1993   175 13436  23.0  33.0  2.35   1.4   0.0
    43  1993   176 11536  24.0  33.0  2.29   1.4   0.0
    43  1993   177 16404  24.0  33.0  2.50   1.4   0.0
    43  1993   178 22579  22.0  32.5  2.37   1.4   0.0
    43  1993   179 16404  23.0  32.0  2.32   1.3   0.0
    43  1993   180 14029  23.0  32.5  2.24   1.4   0.0
    43  1993   181 12842  24.0  33.5  2.59   1.4   0.0
    43  1993   182 14623  24.5  32.0  2.54   1.5   0.0
    43  1993   183 15979  24.0  34.0  2.29   1.4   0.0
    43  1993   184 16384  23.2  32.0  2.41   1.4   0.0
    43  1993   185 15755  23.3  31.7  2.40   1.2   0.0
    43  1993   186 14590  23.0  31.7  2.41   1.2   1.0
    43  1993   187 14076  23.1  31.8  2.36   1.2   0.0
    43  1993   188 13835  22.6  31.0  2.29   1.6   0.0
    43  1993   189 15633  22.9  31.5  2.32   1.5   0.0
    43  1993   190 16682  23.1  31.6  2.32   1.6   0.0
    43  1993   191 15483  22.7  31.7  2.34   1.4   0.0
    43  1993   192 14239  23.3  31.2  2.41   1.7   0.0
    43  1993   193 15167  22.7  31.6  2.29   1.6   0.0
    43  1993   194 16133  22.9  31.5  2.32   1.5   0.0
    43  1993   195 14402  22.8  31.7  2.30   1.5   0.0
    43  1993   196 15508  22.5  31.5  2.32   1.3   0.0
    43  1993   197 16390  22.8  31.6  2.30   1.4   0.0
    43  1993   198 15905  22.7  31.8  2.28   1.7   0.0
    43  1993   199 17098  22.5  32.0  2.25   1.5   0.0
    43  1993   200 17370  22.6  31.7  2.26   1.5   0.0
    43  1993   201 15940  22.4  31.6  2.29   1.3   0.0
    43  1993   202 17477  22.7  31.8  2.33   1.3   5.0
    43  1993   203 17249  22.8  31.8  2.38   1.3   0.0
    43  1993   204 16903  22.8  31.9  2.34   1.4   0.0
    43  1993   205 16376  22.7  31.7  2.32   1.4   0.0
    43  1993   206 14981  22.9  31.7  2.32   1.4   0.0
    43  1993   207 15744  23.0  31.8  2.32   1.5   0.0
    43  1993   208 17621  22.6  31.8  2.29   1.6   0.0
    43  1993   209 14682  22.5  31.6  2.27   1.4   0.0
    43  1993   210 16545  22.7  31.4  2.32   1.7   0.0
    43  1993   211 16949  22.7  31.7  2.35   1.5   0.0
    43  1993   212 17034  22.9  31.8  2.32   1.8   0.0
    43  1993   213 17449  23.0  31.4  2.20   1.9   0.0
    43  1993   214 16726  23.0  32.0  2.24   1.6   0.0
    43  1993   215 17911  22.9  32.0  2.23   1.5   0.0
    43  1993   216 17443  22.8  32.1  2.22   1.9   0.0
    43  1993   217 16983  23.0  32.1  2.22   1.8   0.0
    43  1993   218 16836  23.2  32.1  2.28   1.9   0.0
    43  1993   219 17857  23.0  32.2  2.28   1.7   0.0
    43  1993   220 17553  22.8  31.5  2.28   2.1   0.0
    43  1993   221 18121  22.9  32.0  2.23   1.6   0.0
    43  1993   222 17529  22.4  31.9  2.16   1.9   0.0
    43  1993   223 17567  22.3  32.2  2.14   1.8   0.0
    43  1993   224 17304  22.4  32.1  2.13   1.6   0.0
    43  1993   225 17668  22.7  32.0  2.21   2.0   0.0
    43  1993   226 17664  22.6  32.2  2.27   1.7   0.0
    43  1993   227 16740  22.9  32.0  2.16   1.9   0.0
    43  1993   228 17546  23.1  32.3  2.24   1.9   0.0
    43  1993   229 17950  22.6  32.6  2.19   1.7   0.0
    43  1993   230 18249  22.7  32.3  2.18   2.0   0.0
    43  1993   231 17262  22.3  32.3  2.16   1.8   0.0
    43  1993   232 18914  22.3  32.4  2.11   1.7   0.0
    43  1993   233 18497  22.2  32.3  2.09   1.8   0.0
    43  1993   234 18380  22.7  32.4  2.15   2.0   0.0
    43  1993   235 17885  22.8  32.2  2.18   2.1   0.0
    43  1993   236 18044  22.8  32.4  2.20   1.9   0.0
    43  1993   237 18337  23.0  32.4  2.26   2.1   0.0
    43  1993   238 18370  23.0  32.4  2.23   1.8   0.0
    43  1993   239 17977  22.7  32.3  2.25   2.0   0.0
    43  1993   240 18040  22.9  32.3  2.30   2.1   0.0
    43  1993   241 17854  22.9  32.3  2.26   1.8   0.0
    43  1993   242 18641  23.0  32.4  2.22   1.7   0.0
    43  1993   243 18371  22.7  32.4  2.20   1.8   0.0
    43  1993   244 18270  23.1  32.7  2.26   1.8   0.0
    43  1993   245 19202  23.4  32.8  2.29   1.9   0.0
    43  1993   246 19506  23.4  32.7  2.29   1.8   0.0
    43  1993   247 19959  23.1  32.9  2.31   1.9   0.0
    43  1993   248 18969  23.3  32.7  2.31   2.1   0.0
    43  1993   249 18698  23.2  32.6  2.33   1.9   0.0
    43  1993   250 17583  23.5  32.6  2.32   2.0   6.0
    43  1993   251 18141  23.2  32.5  2.34   2.3   0.0
    43  1993   252 18062  23.6  32.6  2.28   2.0   0.0
    43  1993   253 17844  23.4  32.9  2.29   1.8   0.0
    43  1993   254 18457  23.5  32.9  2.35   2.5   0.0
    43  1993   255 19411  23.2  33.0  2.33   2.5   0.0
    43  1993   256 19009  23.9  32.8  2.47   2.4   0.0
    43  1993   257 17997  23.3  33.0  2.29   2.2   0.0
    43  1993   258 18679  22.8  32.8  2.17   1.9   3.0
    43  1993   259 18897  23.3  32.5  2.24   1.9   0.0
    43  1993   260 18333  23.3  32.8  2.26   1.6   0.0
    43  1993   261 17737  23.3  32.8  2.21   1.8   0.0
    43  1993   262 18431  23.3  32.9  2.27   2.0   0.0
    43  1993   263 19350  23.3  32.7  2.28   1.8   0.0
    43  1993   264 19557  23.2  32.9  2.26   1.8   0.0
    43  1993   265 18545  23.4  33.2  2.31   2.0   2.0
    43  1993   266 19038  23.5  32.7  2.25   2.0   0.0
    43  1993   267 17671  23.3  32.9  2.30   1.8   0.0
    43  1993   268 18316  23.1  32.9  2.26   1.7   0.0
    43  1993   269 17229  23.4  32.3  2.34   1.5   0.0
    43  1993   270 18146  23.3  32.7  2.27   1.7   0.0
    43  1993   271 18828  23.3  32.7  2.32   1.8   0.0
    43  1993   272 20160  23.1  33.1  2.27   1.7   0.0
    43  1993   273 21305  23.4  33.0  2.31   1.7   0.0
    43  1993   274 19677  23.9  32.8  2.36   1.9   0.0
    43  1993   275 19842  23.8  32.8  2.33   1.9   0.0
    43  1993   276 18104  23.8  32.5  2.37   1.9   0.0
    43  1993   277 17561  23.8  32.8  2.38   1.8   3.0
    43  1993   278 19248  23.6  33.2  2.37   1.8  20.0
    43  1993   279 18429  23.8  32.9  2.33   1.8   0.0
    43  1993   280 18987  23.8  33.1  2.31   1.6   0.0
    43  1993   281 19072  23.6  33.3  2.32   1.4   0.0
    43  1993   282 19046  23.3  32.9  2.22   1.6   2.0
    43  1993   283 18693  23.5  32.6  2.29   1.6   4.0
    43  1993   284 18661  23.5  33.1  2.32   1.7   0.0
    43  1993   285 19404  23.9  33.3  2.39   1.7   0.0
    43  1993   286 18940  24.0  33.2  2.39   1.9   0.0
    43  1993   287 19412  23.9  33.1  2.36   1.7  23.0
    43  1993   288 18774  24.0  33.1  2.37   1.7   0.0
    43  1993   289 18250  23.8  32.3  2.36   1.6   0.0
    43  1993   290 18791  24.1  32.8  2.38   1.5   0.0
    43  1993   291 19202  24.1  33.0  2.44   1.4   0.0
    43  1993   292 19780  24.0  32.7  2.41   1.6  43.0
    43  1993   293 20050  24.0  32.6  2.36   1.4  28.0
    43  1993   294 17462  23.8  32.5  2.41   1.2   0.0
    43  1993   295 18873  23.6  32.5  2.38   1.7   0.0
    43  1993   296 18706  23.6  32.7  2.37   1.5   0.0
    43  1993   297 18016  23.9  32.8  2.39   1.4   0.0
    43  1993   298 17168  23.8  32.5  2.38   1.6   0.0
    43  1993   299 16896  23.7  32.4  2.36   1.2   0.0
    43  1993   300 17251  23.4  32.4  2.33   1.8   0.0
    43  1993   301 18069  23.4  32.5  2.31   2.0   0.0
    43  1993   302 17197  23.9  32.6  2.43   1.4   0.0
    43  1993   303 17198  23.9  32.6  2.49   1.5   0.0
    43  1993   304 17499  23.6  32.4  2.40   1.5   0.0
    43  1993   305 17844  24.1  32.5  2.38   1.3   0.0
    43  1993   306 18060  24.1  32.9  2.45   1.3   0.0
    43  1993   307 18595  23.7  33.1  2.38   1.3   0.0
    43  1993   308 18886  24.2  33.1  2.48   1.4   0.0
    43  1993   309 18092  23.9  32.7  2.40   1.3   0.0
    43  1993   310 17532  24.3  33.0  2.41   1.3   0.0
    43  1993   311 17918  24.2  32.9  2.44   1.1   0.0
    43  1993   312 16820  23.9  33.0  2.41   1.2   0.0
    43  1993   313 15777  23.8  32.7  2.36   1.2   0.0
    43  1993   314 16835  24.2  32.6  2.42   1.4   0.0
    43  1993   315 17543  24.1  32.4  2.45   1.5  17.0
    43  1993   316 16571  23.9  32.5  2.40   1.3   0.0
    43  1993   317 15286  24.4  32.3  2.49   1.2   0.0
    43  1993   318 16521  24.4  32.6  2.55   1.2   0.0
    43  1993   319 15225  23.9  32.4  2.46   1.1   0.0
    43  1993   320 16314  23.7  32.2  2.37   1.2   0.0
    43  1993   321 15354  23.9  32.2  2.43   1.3   0.0
    43  1993   322 15139  23.8  32.4  2.49   1.0   0.0
    43  1993   323 17855  23.8  32.4  2.48   1.2   0.0
    43  1993   324 17011  23.9  32.6  2.45   1.3   0.0
    43  1993   325 16344  23.8  32.4  2.48   1.0   0.0
    43  1993   326 16160  24.0  32.6  2.44   0.9   0.0
    43  1993   327 17439  23.9  32.7  2.39   1.0   0.0
    43  1993   328 13869  24.0  32.1  2.43   1.2   0.0
    43  1993   329 15918  23.6  31.7  2.51   1.7   0.0
    43  1993   330 15927  23.8  31.7  2.45   1.2  10.0
    43  1993   331 14990  23.8  32.0  2.40   1.0   0.0
    43  1993   332 15295  23.6  31.4  2.40   0.9   0.0
    43  1993   333 15369  23.8  31.9  2.40   0.8   0.0
    43  1993   334 15042  23.5  31.7  2.41   0.7   5.0
    43  1993   335 15239  23.6  32.2  2.41   0.9   0.0
    43  1993   336 12245  23.9  31.5  2.45   0.9   0.0
    43  1993   337 14794  24.0  31.9  2.50   0.9  33.0
    43  1993   338 15320  23.9  31.6  2.49   1.1   0.0
    43  1993   339 13712  23.9  31.7  2.50   1.1   0.0
    43  1993   340 16012  23.8  31.3  2.51   1.0   0.0
    43  1993   341 16075  23.5  31.8  2.42   0.9   8.0
    43  1993   342 15309  23.6  31.6  2.47   0.8   2.0
    43  1993   343 14387  23.7  31.9  2.48   0.8   0.0
    43  1993   344 15151  23.8  31.6  2.50   1.1   0.0
    43  1993   345 13407  23.6  31.3  2.47   0.9   0.0
    43  1993   346 12850  23.7  31.1  2.48   0.9   0.0
    43  1993   347 14309  23.6  30.9  2.46   0.8   0.0
    43  1993   348 13950  23.7  31.1  2.48   0.8   0.0
    43  1993   349 12881  23.8  31.0  2.48   0.8   0.0
    43  1993   350 13597  23.4  31.0  2.38   0.7   0.0
    43  1993   351 14140  23.7  31.4  2.42   0.8   0.0
    43  1993   352 14977  23.7  31.4  2.45   1.1   0.0
    43  1993   353 13790  23.8  31.0  2.47   1.1  12.0
    43  1993   354 13923  23.8  31.4  2.44   0.9   7.0
    43  1993   355 15113  23.8  31.5  2.49   0.7   0.0
    43  1993   356 14880  23.4  31.5  2.44   0.7   0.0
    43  1993   357 14492  23.5  31.0  2.47   0.7   0.0
    43  1993   358 15310  23.6  31.1  2.44   0.7   0.0
    43  1993   359 14909  23.5  31.0  2.44   0.9  15.0
    43  1993   360 13962  23.6  30.9  2.46   0.8  45.0
    43  1993   361 12616  23.5  30.5  2.42   0.9  24.0
    43  1993   362 15192  23.5  30.2  2.49   0.7   0.0
    43  1993   363 14082  23.4  30.7  2.40   0.9   0.0
    43  1993   364 13105  23.6  30.5  2.47   0.7   0.0
    43  1993   365 14132  23.3  30.9  2.43   0.8   0.0
";}}s:20:"custom_result_object";a:0:{}s:11:"current_row";i:0;s:8:"num_rows";i:1;s:8:"row_data";N;}