O:12:"CI_DB_result":8:{s:7:"conn_id";N;s:9:"result_id";N;s:12:"result_array";a:1:{i:0;a:9:{s:2:"id";s:2:"15";s:7:"country";s:11:"Philippines";s:12:"station_code";s:1:"2";s:12:"country_code";s:4:"phil";s:13:"site_latitude";N;s:14:"site_longitude";N;s:13:"site_altitude";N;s:4:"year";s:4:"1984";s:4:"data";s:19858:"*-----------------------------------------------------------
*  Station Name: IRDR0002    IRRI dryland site, Los Banos
*  Author      : Climate Unit, IRRI    -99.: nil value
*  Source      : International Rice Research Institute (IRRI)
*
*  Comments    : This file is extracted from CLICOM database.
*  Longitude:  121 15 E   Latitude: 14 13 N    Altitude: 23.0 m
*
*  Column    Daily Value
*     1      Station number
*     2      Year
*     3      Day
*     4      irradiance         KJ m-2 d-1
*     5      min temperature            oC
*     6      max temperature            oC
*     7      vapor pressure            kPa
*     8      mean wind speed         m s-1
*     9      precipitation          mm d-1
*-----------------------------------------------------------
121.25  14.22  23.0  0.00  0.00
  2 1984   1  10439  22.0  28.1   2.39   2.1   0.5
  2 1984   2  13319  21.0  29.9   2.45   1.9   0.0
  2 1984   3  10259  21.5  28.5   2.45   1.7   0.8
  2 1984   4   4680  21.2  24.4   2.47   1.3   1.6
  2 1984   5  10439  21.1  28.8   2.42   2.1   0.0
  2 1984   6  14579  22.0  29.7   2.52   1.9   2.1
  2 1984   7   9179  23.0  27.7   2.77   1.8   1.4
  2 1984   8  15659  22.0  31.0   2.59   1.8   0.0
  2 1984   9  12779  21.1  29.9   2.47   1.8   0.0
  2 1984  10  11879  21.4  29.4   2.52   1.5   0.0
  2 1984  11   9899  22.0  29.0   2.59   1.6   0.0
  2 1984  12  16379  21.6  31.5   2.58   1.8   0.0
  2 1984  13  16559  22.4  31.0   2.58   1.6   0.0
  2 1984  14  15119  23.5  29.8   2.52   2.5   0.0
  2 1984  15  16019  22.1  31.1   2.47   1.9   0.0
  2 1984  16  14939  21.6  30.7   2.52   2.1   0.0
  2 1984  17  15119  22.5  30.0   2.36   2.6   0.0
  2 1984  18  11879  22.3  29.5   2.39   1.8   0.0
  2 1984  19  14219  23.0  30.3   2.61   1.7   1.6
  2 1984  20  11879  22.5  29.4   2.62   2.0   0.0
  2 1984  21  17279  22.4  31.0   2.54   1.8   0.0
  2 1984  22  16199  22.1  31.0   2.48   2.0   0.0
  2 1984  23   5040  23.7  24.8   2.55   1.3  11.2
  2 1984  24  11339  22.8  27.7   2.65   2.0   1.5
  2 1984  25   8099  22.1  27.0   2.67   1.6  18.8
  2 1984  26   8639  22.7  27.1   2.64   1.9   1.8
  2 1984  27  12959  22.4  28.0   2.56   2.0   2.0
  2 1984  28   7739  23.0  26.8   2.74   2.1   0.0
  2 1984  29  15659  22.4  28.6   2.47   2.1   0.0
  2 1984  30  11519  22.4  28.6   2.55   2.2   0.0
  2 1984  31  14219  22.5  29.6   2.56   1.8   0.6
  2 1984  32  15299  21.7  29.0   2.55   2.3   0.0
  2 1984  33  12419  21.9  28.8   2.51   2.0   0.0
  2 1984  34  15839  20.9  30.0   2.39   2.1   0.0
  2 1984  35  20518  20.7  30.4   2.35   2.2   0.0
  2 1984  36  11699  22.2  27.9   2.58   1.3   1.0
  2 1984  37  15299  22.3  31.6   2.86   1.7   2.6
  2 1984  38  13139  22.8  27.4   2.47   3.0   0.0
  2 1984  39   9899  21.4  26.0   2.33   2.4   0.0
  2 1984  40  13679  21.9  27.5   2.28   2.5   0.0
  2 1984  41  15479  21.5  28.6   2.36   1.9   0.0
  2 1984  42  18539  20.5  30.9   2.37   2.1   0.0
  2 1984  43  16019  21.2  30.2   2.45   1.7   0.0
  2 1984  44  19798  21.9  32.0   2.52   2.4   0.0
  2 1984  45  21058  21.7  30.9   2.48   2.0   0.0
  2 1984  46  19618  22.4  31.0   2.54   1.9   0.0
  2 1984  47  19798  21.4  31.2   2.46   2.1   0.0
  2 1984  48  20698  21.4  31.9   2.53   1.6   0.0
  2 1984  49  15659  20.5  30.4   2.56   1.9   0.2
  2 1984  50  16379  23.2  29.5   2.63   2.6   0.0
  2 1984  51  19798  21.7  30.5   2.39   2.3   0.0
  2 1984  52  17459  20.8  28.8   2.18   2.1   0.0
  2 1984  53  15479  20.8  30.1   2.26   2.3   0.0
  2 1984  54  10799  23.3  29.3   2.72   2.2   0.0
  2 1984  55  21058  22.9  31.1   2.69   2.2   0.0
  2 1984  56  21958  21.2  31.2   2.43   2.4   0.0
  2 1984  57  13859  21.0  28.3   2.46   1.7   2.3
  2 1984  58  19438  21.6  29.6   2.46   2.6   0.0
  2 1984  59  15659  21.5  30.0   2.42   2.3   0.0
  2 1984  60  11699  23.1  28.0   2.63   2.2   0.0
  2 1984  61  17819  22.5  30.6   2.43   2.5   0.0
  2 1984  62  20338  21.9  30.6   2.54   2.2   0.0
  2 1984  63  20698  21.6  31.6   2.56   1.9   0.0
  2 1984  64  18539  21.9  31.0   2.50   2.9   0.0
  2 1984  65  12419  22.9  28.7   2.46   2.2   0.8
  2 1984  66   9179  22.7  27.6   2.70   1.6   3.8
  2 1984  67  13139  23.0  30.7   2.86   0.9   4.1
  2 1984  68  17459  21.8  32.9   2.97   1.0   0.0
  2 1984  69  20698  23.4  31.9   2.81   1.5   0.0
  2 1984  70  19438  23.0  32.8   2.74   1.5   0.0
  2 1984  71  13679  24.5  31.6   2.78   1.3   2.0
  2 1984  72  18179  23.0  32.8   2.93   1.8   0.0
  2 1984  73  15479  24.5  32.4   2.97   1.5  40.7
  2 1984  74  21058  22.8  34.4   2.97 -99.0   0.0
  2 1984  75  20878  22.8  34.4   3.05   1.4   0.0
  2 1984  76  17279  24.2  32.8   2.91   1.3   0.0
  2 1984  77  24298  23.6  33.5   2.92   2.0   0.0
  2 1984  78  24658  21.5  34.2   2.87   1.8   0.0
  2 1984  79  19078  23.9  33.6   2.80   1.4   0.0
  2 1984  80  21958  23.0  33.2   2.69   1.9   0.0
  2 1984  81  24838  22.9  33.7   2.70   2.7   0.0
  2 1984  82  24838  23.7  33.4   2.59   2.9   0.0
  2 1984  83  23938  23.4  32.3   2.56   2.7   0.0
  2 1984  84  15299  22.0  30.7   2.66   2.4   0.0
  2 1984  85  22858  23.0  33.5   2.62   2.4   0.0
  2 1984  86  16199  23.2  32.0   2.69   2.4   0.0
  2 1984  87  19618  23.7  33.2   2.76   2.4   0.0
  2 1984  88  14579  23.8  31.8   2.92   1.7   1.4
  2 1984  89  14939  23.8  33.6   2.95   1.4   2.4
  2 1984  90  18719  23.2  34.0   2.81   1.5   0.0
  2 1984  91  20338  23.6  33.5   2.88   2.0   0.0
  2 1984  92  17639  23.7  33.7   2.87   1.4   0.0
  2 1984  93  25558  23.5  35.5   2.80   2.4   0.0
  2 1984  94  16919  22.8  34.1   2.76   1.9   0.0
  2 1984  95  22318  23.6  34.6   2.72   2.0   0.0
  2 1984  96  22858  22.3  34.4   2.90   2.2   0.0
  2 1984  97  18719  24.3  34.0   2.75   2.3   0.0
  2 1984  98  25198  25.2  35.7   2.87   2.8   0.0
  2 1984  99  24478  24.0  34.5   2.71   2.9   0.0
  2 1984 100  22138  23.9  35.2   2.69   2.1   0.0
  2 1984 101  17459  24.2  34.1   2.85   2.1   0.0
  2 1984 102  22498  22.2  34.8   2.71   2.1   0.0
  2 1984 103  20698  23.0  34.5   2.71   1.6   0.0
  2 1984 104  23398  21.9  34.3   2.77   1.6   0.0
  2 1984 105  23758  24.3  34.7   2.79   2.3   0.0
  2 1984 106  22138  23.6  34.8   2.63   1.9   0.0
  2 1984 107  23398  23.9  34.8   2.83   2.2   0.0
  2 1984 108  18359  24.5  34.2   2.89   2.0   0.0
  2 1984 109  14579  24.3  32.8   2.81   1.3   0.0
  2 1984 110  16919  22.8  35.0   2.92   1.7   1.1
  2 1984 111  19258  23.8  34.0   2.87   1.2   0.8
  2 1984 112  18539  23.4  33.6   3.09   1.4   0.2
  2 1984 113  19618  24.4  34.0   2.99   1.2   0.0
  2 1984 114  23398  22.5  33.8   2.95   1.9   0.1
  2 1984 115  12959  24.8  32.1   2.85   2.0   1.0
  2 1984 116  20698  24.2  33.4   2.79   2.1   0.0
  2 1984 117  19618  24.1  33.3   2.93   1.5   0.3
  2 1984 118  16559  24.9  33.5   2.77   1.2  13.8
  2 1984 119  16199  23.6  33.6   3.09   1.5   6.9
  2 1984 120  15299  23.7  32.1   3.17   1.4  12.1
  2 1984 121  16199  23.1  33.5   2.98   1.2   6.4
  2 1984 122  11159  23.4  30.9   3.28   1.0   5.2
  2 1984 123  18179  22.4  31.8   3.04   1.2  26.8
  2 1984 124  10979  23.2  30.0   3.09   1.1  17.8
  2 1984 125  15839  22.8  30.8   2.96   1.5   6.0
  2 1984 126  12599  24.1  31.9   3.15   1.0   2.0
  2 1984 127  15299  24.0  31.4   3.00   1.2   0.0
  2 1984 128  16739  22.7  32.4   2.96   1.0  58.2
  2 1984 129  19258  23.0  32.4   2.98   0.8   0.0
  2 1984 130  18359  23.8  33.3   3.11 -99.0   0.3
  2 1984 131  12419  23.8  31.6   3.06   0.9   0.1
  2 1984 132  19258  24.0  32.9   3.01   1.2   6.8
  2 1984 133  24658  22.8  32.6   2.86   1.7   0.0
  2 1984 134  21418  23.0  33.0   2.98   0.9   0.8
  2 1984 135  20158  23.7  34.0   2.93   0.9   0.0
  2 1984 136  17639  23.9  32.8   3.02   0.9   0.3
  2 1984 137  13139  23.5  32.6   3.06   1.1   5.9
  2 1984 138  19258  23.3  32.3   3.10   0.9   0.0
  2 1984 139  19978  23.6  33.3   3.15   1.4   0.0
  2 1984 140  19798  23.7  33.6   3.04   1.2   0.0
  2 1984 141  16379  23.8  33.6   2.94   1.1   1.0
  2 1984 142  13679  24.0  33.5   3.18   1.0  40.2
  2 1984 143  16739  23.8  31.6   3.20   0.9   6.6
  2 1984 144  14939  24.1  31.6   3.09   0.9   5.9
  2 1984 145  20518  22.5  32.8   2.99   1.0  25.9
  2 1984 146  21778  23.9  33.2   3.02   1.8   1.2
  2 1984 147  22138  24.3  33.2   2.89   1.6   0.0
  2 1984 148  23758  24.0  34.4   3.13   1.2   0.0
  2 1984 149  25018  23.0  34.5   3.05   1.9   0.3
  2 1984 150  23578  25.0  34.2   3.09   1.1   0.0
  2 1984 151  18359  24.4  35.1   3.17   1.1   0.8
  2 1984 152  21058  23.7  33.8   3.16   1.1   0.0
  2 1984 153  16559  24.7  33.8   3.04   0.9   9.4
  2 1984 154  23218  23.1  34.7   2.86   1.4   0.0
  2 1984 155  18898  24.3  34.7   3.18   1.1   0.0
  2 1984 156  18719  24.1  34.5   3.06   1.4   0.0
  2 1984 157  13139  25.0  31.8   3.03   1.0  12.2
  2 1984 158  17099  24.4  32.3   2.90   1.5   0.0
  2 1984 159  13139  24.7  31.8   2.90   1.0  28.2
  2 1984 160  18359  23.8  31.7   2.82   1.6  32.3
  2 1984 161  20518  23.6  32.8   2.93   1.4   4.8
  2 1984 162  15479  24.0  31.5   3.11   1.2   0.7
  2 1984 163  13859  22.8  32.1   3.04   1.2  20.8
  2 1984 164  20518  23.2  32.0   2.90   1.0   6.6
  2 1984 165  22858  23.8  33.8   2.90   1.1   1.5
  2 1984 166  18179  23.1  33.8   2.98   0.9   3.5
  2 1984 167  11339  24.3  32.4   3.17   1.2   4.4
  2 1984 168   9179  24.0  30.0   2.94   1.8  12.3
  2 1984 169  12959  23.7  28.5   2.99   2.6   7.0
  2 1984 170   6839  23.7  27.4   2.80   2.8   0.3
  2 1984 171  12779  25.0  29.4   2.78   2.6   1.5
  2 1984 172  12239  24.2  28.9   2.90   1.9   2.8
  2 1984 173   7199  24.6  27.8   2.84   2.4   7.2
  2 1984 174   9359  24.4  28.8   2.91   3.3  11.0
  2 1984 175   7559  24.1  28.0   2.75   3.0   9.7
  2 1984 176  13859  25.3  29.4   2.94   2.1   1.7
  2 1984 177   9359  24.2  29.0   2.96   1.4   3.4
  2 1984 178   7019  24.2  28.7   2.89   0.9  18.8
  2 1984 179   9719  22.9  27.7   2.77   0.9   0.4
  2 1984 180  22858  22.0  32.2   2.73   1.4   0.0
  2 1984 181  16379  23.0  32.0   3.06   1.1   0.0
  2 1984 182   4500  24.1  27.2   3.06   1.0  48.8
  2 1984 183   8459  22.9  28.0   2.89   2.1   2.7
  2 1984 184  13319  24.1  30.3   2.79   2.2   2.0
  2 1984 185  19618  23.9  31.4   2.80   1.1   0.0
  2 1984 186  18898  22.0  31.7   2.83   0.7   0.0
  2 1984 187  10439  22.9  29.3   2.96   1.1   9.5
  2 1984 188  11339  23.2  28.2   2.80   2.2   0.0
  2 1984 189  16559  23.0  31.0   2.91   1.8   8.2
  2 1984 190  15839  23.2  32.3   2.87   0.9   0.0
  2 1984 191  14579  23.2  31.6   2.99   0.9   0.3
  2 1984 192  17099  23.6  30.8   2.95   0.9   2.6
  2 1984 193  16919  23.4  30.8   2.87   1.0  22.6
  2 1984 194  21778  22.4  32.8   2.92   1.2   0.0
  2 1984 195  23938  23.0  33.7   2.91   1.1   0.0
  2 1984 196  15479  23.4  32.4   2.96   0.9   1.4
  2 1984 197  16919  23.8  31.8   2.96   1.0   3.2
  2 1984 198  23578  22.7  32.8   2.89   1.3   0.0
  2 1984 199  19438  22.4  33.8   2.89   1.5  45.4
  2 1984 200  16739  21.5  32.0   2.99   1.0   3.8
  2 1984 201  23038  23.8  33.1   2.97   1.2   0.0
  2 1984 202  20338  22.8  33.5   2.97   1.0   2.2
  2 1984 203  16739  22.5  32.9   2.99   0.9   0.0
  2 1984 204  22678  22.7  34.1   2.88   1.1   0.0
  2 1984 205  20338  22.9  34.2   3.11   1.1   0.0
  2 1984 206  14939  22.6  32.2   2.82   1.3   0.0
  2 1984 207  16739  22.7  31.6   2.99   1.2   0.3
  2 1984 208  16919  23.1  31.7   3.01   1.3  31.6
  2 1984 209  22318  23.5  32.0   2.81   1.4   0.4
  2 1984 210  22138  23.1  33.0   2.81   1.8   0.0
  2 1984 211  22858  23.3  33.2   2.85   1.6   0.0
  2 1984 212  13859  23.4  31.7   2.88   1.1   0.0
  2 1984 213  16019  23.2  32.8   2.97   1.2   7.6
  2 1984 214  15119  24.0  31.4   2.87   1.1   0.0
  2 1984 215  13499  24.5  31.2   2.98   1.5   0.0
  2 1984 216  21778  23.9  33.4   3.05   1.5   0.0
  2 1984 217  17999  23.5  31.2   2.90   1.5   0.0
  2 1984 218   9719  23.0  29.1   2.82   1.7   1.4
  2 1984 219   6839  24.4  28.8   2.74   2.6  19.2
  2 1984 220  13679  24.1  30.0   2.88   2.6  15.6
  2 1984 221   8279  24.4  27.4   3.00   1.5   7.6
  2 1984 222  17639  23.1  31.3   2.90   1.6   0.0
  2 1984 223  21778  23.7  32.5   2.84   1.8   0.2
  2 1984 224  12419  24.0  30.0   2.90   1.8   2.7
  2 1984 225   9359  24.0  28.7   2.86   2.1  22.6
  2 1984 226   7379  24.0  28.0   2.72   3.5  21.2
  2 1984 227   4860  24.7  28.2   2.72   3.4  15.8
  2 1984 228  10799  24.6  29.4   2.89   3.3  10.2
  2 1984 229  16199  24.9  30.7   2.88   4.4   5.4
  2 1984 230  12959  25.9  30.2   2.90   3.5   6.4
  2 1984 231  15839  25.6  31.1   2.96   2.7   3.4
  2 1984 232  18359  23.7  32.5   2.85   2.0   0.0
  2 1984 233  19618  23.0  32.3   2.73   2.1   0.0
  2 1984 234  20518  23.1  33.3   2.91   1.7   0.0
  2 1984 235   6839  24.6  28.9   2.97   1.1  12.6
  2 1984 236   6839  23.8  28.5   2.88   0.8 103.0
  2 1984 237  11879  22.5  30.4   2.75   1.7   4.9
  2 1984 238  11879  22.8  30.1   2.75   2.0   5.2
  2 1984 239  10079  23.0  30.9   2.78   1.5  16.4
  2 1984 240   8999  23.6  28.3   2.74   2.7   7.9
  2 1984 241   8999  24.5  28.6   2.65   3.8  21.8
  2 1984 242   7739  24.8  28.3   2.84   4.4  32.8
  2 1984 243  13139  24.1  30.2   2.82   3.2   5.0
  2 1984 244  18179  23.1  32.5   2.92   1.4   0.0
  2 1984 245  17819  23.0  32.9   3.16   1.1   0.0
  2 1984 246  16739  21.3  32.8   2.56   1.3   5.7
  2 1984 247  12059  24.1  29.3   2.90   3.5   1.6
  2 1984 248  22138  23.5  31.3   2.85   2.5   0.0
  2 1984 249  13859  23.6  32.2   2.89   1.2  40.0
  2 1984 250  11699  22.5  29.8   2.93   1.0   5.0
  2 1984 251  22498  22.9  32.4   2.95   1.6   0.0
  2 1984 252  18359  24.1  32.4   2.94   1.2   2.2
  2 1984 253  20878  22.3  33.3   2.98   1.1   0.0
  2 1984 254  18719  22.0  32.5   2.91   0.7   0.2
  2 1984 255  17819  23.3  31.7   2.99   1.0   0.0
  2 1984 256  22318  22.9  32.7   3.04   1.1   0.0
  2 1984 257  23398  21.6  33.2   2.85   1.0   0.0
  2 1984 258  18719  23.0  33.0   3.04   1.0   0.2
  2 1984 259  17459  22.6  31.7   2.97   0.9   0.6
  2 1984 260  20518  23.7  32.7   3.05   1.1   0.0
  2 1984 261  17279  22.8  32.9   2.98   1.0   1.5
  2 1984 262  20878  22.1  31.6   2.96   1.4   7.4
  2 1984 263  14759  23.1  31.1   2.91   1.0   5.0
  2 1984 264   8999  23.4  30.6   2.94   1.1   9.2
  2 1984 265  11879  23.1  30.4   2.96   1.3   7.4
  2 1984 266  14579  24.5  30.7   3.04   1.0   5.4
  2 1984 267  17639  22.6  32.4   2.99   0.9  30.4
  2 1984 268  12779  22.4  30.8   3.02   1.0   3.3
  2 1984 269   9539  23.3  31.2   3.07   0.8  25.2
  2 1984 270   9539  23.0  30.1   2.98   0.8  10.8
  2 1984 271  14939  22.0  32.2   2.91   0.9  12.9
  2 1984 272  15479  23.2  31.8   3.04   0.9   2.1
  2 1984 273  21958  22.6  32.6   2.98   0.9   0.0
  2 1984 274  17999  22.6  31.7   2.92   1.2   0.0
  2 1984 275  15839  24.4  30.9   2.85   1.4   0.0
  2 1984 276  17819  24.0  32.6   3.06   1.5   0.0
  2 1984 277  12239  24.7  31.7   3.00   1.2   0.4
  2 1984 278   8999  24.2  28.0   2.85   0.8   0.2
  2 1984 279  14039  24.0  29.5   2.98   1.0   0.0
  2 1984 280  11339  23.4  29.6   2.73   0.7   8.3
  2 1984 281  11339  23.0  29.8   2.82   0.7   1.4
  2 1984 282   8999  23.3  29.8   2.86   1.0  53.2
  2 1984 283   7739  23.4  28.3   2.91   0.9  24.2
  2 1984 284   7559  23.4  29.0   2.98   1.0  17.1
  2 1984 285  18898  23.0  32.0   3.02   2.5   0.0
  2 1984 286  18719  23.2  33.3   2.98   1.2   4.2
  2 1984 287  15479  23.1  31.5   3.04   1.2   0.4
  2 1984 288  12419  23.4  29.9   2.82   1.1   0.4
  2 1984 289  14939  23.9  30.6   3.02   1.3   0.0
  2 1984 290  20158  22.9  31.7   2.80   1.2   0.0
  2 1984 291  20158  21.0  31.8   2.70   1.1   0.0
  2 1984 292  11879  23.0  31.3   2.91   1.1  48.6
  2 1984 293   4140  23.1  26.8   2.87   1.1  71.2
  2 1984 294   7199  23.0  27.9   2.81   1.3 165.9
  2 1984 295   2520  23.0  24.4   2.78   2.0 195.8
  2 1984 296   6479  23.2  26.0   2.86   1.2  20.6
  2 1984 297  11699  23.7  29.0   2.98   1.9  17.0
  2 1984 298  10079  24.1  28.5   3.08   1.8  52.7
  2 1984 299  11699  23.7  30.6   3.05   0.9  19.2
  2 1984 300  19798  22.1  32.5   2.94   1.8   0.0
  2 1984 301  11339  23.6  30.0   2.80   1.4   1.2
  2 1984 302  15659  23.4  31.5   2.92   1.7   0.8
  2 1984 303   7919  24.3  29.5   2.89   0.9   6.0
  2 1984 304  11699  24.0  30.3   2.97   0.9  15.6
  2 1984 305   3960  23.5  26.3   2.97   0.7   6.4
  2 1984 306  12959  23.5  30.2   2.86   1.0  11.6
  2 1984 307  16379  23.7  31.4   2.94   1.3   0.0
  2 1984 308  19618  23.6  32.0   2.89   1.1   0.0
  2 1984 309  13859  23.4  30.7   2.83   1.0   0.0
  2 1984 310   5400  23.6  28.5   2.80   2.0  12.3
  2 1984 311  20338  24.4  31.9   2.82   1.5   0.0
  2 1984 312  17999  22.6  32.7   2.94   1.5   0.0
  2 1984 313  17819  24.3  32.0   2.92   1.8   0.6
  2 1984 314  15479  24.7  31.1   2.95   2.0   4.0
  2 1984 315  11159  22.5  29.2   2.44   1.2   2.0
  2 1984 316  12599  23.7  30.4   2.97   1.2   0.0
  2 1984 317  19258  24.1  31.9   2.89   1.8   0.4
  2 1984 318  17999  23.5  31.4   2.70   2.0   6.0
  2 1984 319  16559  23.6  31.3   2.77   1.6   3.0
  2 1984 320  19078  22.5  31.5   2.76   1.2   0.0
  2 1984 321  17279  22.2  31.6   2.97   1.1   0.0
  2 1984 322  17819  23.3  32.9   2.90   1.7   0.0
  2 1984 323  17279  22.8  30.9   2.89   1.4   3.0
  2 1984 324  18359  24.3  31.5   2.75   1.3   0.0
  2 1984 325   8999  21.1  27.9   3.14   1.2   3.0
  2 1984 326  15839  22.8  29.2   2.58   1.9   0.0
  2 1984 327  14219  22.6  30.4   2.48   1.6   0.0
  2 1984 328  12599  23.1  30.7   2.58   1.5   1.6
  2 1984 329   9179  23.0  29.5   2.87   1.4   0.0
  2 1984 330  17639  23.4  31.9   2.70   2.3   5.0
  2 1984 331   1800  24.2  26.2   2.89   1.1  53.6
  2 1984 332   7559  23.4  28.4   2.89   1.9  13.0
  2 1984 333   8459  23.7  28.2   2.54   1.9   1.1
  2 1984 334  14939  23.1  29.9   2.56   2.0   0.0
  2 1984 335   6659  24.0  27.4   2.83   1.1  23.2
  2 1984 336   5940  23.9  27.5   2.88   1.2   4.0
  2 1984 337  15839  24.0  30.5   2.78   1.7   0.0
  2 1984 338  12779  24.5  30.3   2.82   1.1   1.8
  2 1984 339  11159  23.5  29.5   2.83   1.8   0.2
  2 1984 340  12059  23.0  29.4   2.56   1.7   0.0
  2 1984 341  12779  23.2  30.4   2.65   2.1   0.5
  2 1984 342   9719  23.4  28.6   2.59   1.8   6.5
  2 1984 343   9719  22.7  28.2   2.47   1.6   0.4
  2 1984 344  18359  21.2  30.0   2.27   1.8   0.0
  2 1984 345  17639  19.0  29.4   2.47   1.2   0.0
  2 1984 346  14759  19.8  29.9   2.36   1.9   0.0
  2 1984 347  13859  22.4  30.2   2.46   2.2   0.0
  2 1984 348   8099  23.1  26.9   2.39   1.6   0.0
  2 1984 349  11519  22.0  29.0   2.44   1.7   0.0
  2 1984 350  13679  21.1  30.1   2.39   1.9   0.2
  2 1984 351  11339  22.8  29.9   2.49   1.5   0.7
  2 1984 352  11339  23.5  31.5   2.91   2.1   0.2
  2 1984 353  13679  23.1  31.1   2.64   1.9   0.0
  2 1984 354  14939  23.9  30.5   2.49   2.3   0.0
  2 1984 355  15839  22.6  30.5   2.51   2.0   1.9
  2 1984 356  13859  23.1  30.7   2.72   2.0   0.0
  2 1984 357  10799  23.6  28.9   2.56   1.5   5.3
  2 1984 358  10439  23.4  28.4   2.75   2.3   1.7
  2 1984 359   8639  22.5  27.5   2.44   1.9   0.7
  2 1984 360  12239  21.5  28.2   2.65   2.2   0.8
  2 1984 361  11879  22.2  28.5   2.47   2.1   0.0
  2 1984 362  15119  21.4  29.7   2.27   1.8   0.0
  2 1984 363  13859  21.8  29.7   2.39   1.7   0.0
  2 1984 364   8819  22.0  28.1   2.43   1.8   0.0
  2 1984 365  14399  22.0  28.9   2.42   2.2   0.0
  2 1984 366   9539  22.1  28.6   2.46   2.0   0.6
";}}s:13:"result_object";a:1:{i:0;O:8:"stdClass":9:{s:2:"id";s:2:"15";s:7:"country";s:11:"Philippines";s:12:"station_code";s:1:"2";s:12:"country_code";s:4:"phil";s:13:"site_latitude";N;s:14:"site_longitude";N;s:13:"site_altitude";N;s:4:"year";s:4:"1984";s:4:"data";s:19858:"*-----------------------------------------------------------
*  Station Name: IRDR0002    IRRI dryland site, Los Banos
*  Author      : Climate Unit, IRRI    -99.: nil value
*  Source      : International Rice Research Institute (IRRI)
*
*  Comments    : This file is extracted from CLICOM database.
*  Longitude:  121 15 E   Latitude: 14 13 N    Altitude: 23.0 m
*
*  Column    Daily Value
*     1      Station number
*     2      Year
*     3      Day
*     4      irradiance         KJ m-2 d-1
*     5      min temperature            oC
*     6      max temperature            oC
*     7      vapor pressure            kPa
*     8      mean wind speed         m s-1
*     9      precipitation          mm d-1
*-----------------------------------------------------------
121.25  14.22  23.0  0.00  0.00
  2 1984   1  10439  22.0  28.1   2.39   2.1   0.5
  2 1984   2  13319  21.0  29.9   2.45   1.9   0.0
  2 1984   3  10259  21.5  28.5   2.45   1.7   0.8
  2 1984   4   4680  21.2  24.4   2.47   1.3   1.6
  2 1984   5  10439  21.1  28.8   2.42   2.1   0.0
  2 1984   6  14579  22.0  29.7   2.52   1.9   2.1
  2 1984   7   9179  23.0  27.7   2.77   1.8   1.4
  2 1984   8  15659  22.0  31.0   2.59   1.8   0.0
  2 1984   9  12779  21.1  29.9   2.47   1.8   0.0
  2 1984  10  11879  21.4  29.4   2.52   1.5   0.0
  2 1984  11   9899  22.0  29.0   2.59   1.6   0.0
  2 1984  12  16379  21.6  31.5   2.58   1.8   0.0
  2 1984  13  16559  22.4  31.0   2.58   1.6   0.0
  2 1984  14  15119  23.5  29.8   2.52   2.5   0.0
  2 1984  15  16019  22.1  31.1   2.47   1.9   0.0
  2 1984  16  14939  21.6  30.7   2.52   2.1   0.0
  2 1984  17  15119  22.5  30.0   2.36   2.6   0.0
  2 1984  18  11879  22.3  29.5   2.39   1.8   0.0
  2 1984  19  14219  23.0  30.3   2.61   1.7   1.6
  2 1984  20  11879  22.5  29.4   2.62   2.0   0.0
  2 1984  21  17279  22.4  31.0   2.54   1.8   0.0
  2 1984  22  16199  22.1  31.0   2.48   2.0   0.0
  2 1984  23   5040  23.7  24.8   2.55   1.3  11.2
  2 1984  24  11339  22.8  27.7   2.65   2.0   1.5
  2 1984  25   8099  22.1  27.0   2.67   1.6  18.8
  2 1984  26   8639  22.7  27.1   2.64   1.9   1.8
  2 1984  27  12959  22.4  28.0   2.56   2.0   2.0
  2 1984  28   7739  23.0  26.8   2.74   2.1   0.0
  2 1984  29  15659  22.4  28.6   2.47   2.1   0.0
  2 1984  30  11519  22.4  28.6   2.55   2.2   0.0
  2 1984  31  14219  22.5  29.6   2.56   1.8   0.6
  2 1984  32  15299  21.7  29.0   2.55   2.3   0.0
  2 1984  33  12419  21.9  28.8   2.51   2.0   0.0
  2 1984  34  15839  20.9  30.0   2.39   2.1   0.0
  2 1984  35  20518  20.7  30.4   2.35   2.2   0.0
  2 1984  36  11699  22.2  27.9   2.58   1.3   1.0
  2 1984  37  15299  22.3  31.6   2.86   1.7   2.6
  2 1984  38  13139  22.8  27.4   2.47   3.0   0.0
  2 1984  39   9899  21.4  26.0   2.33   2.4   0.0
  2 1984  40  13679  21.9  27.5   2.28   2.5   0.0
  2 1984  41  15479  21.5  28.6   2.36   1.9   0.0
  2 1984  42  18539  20.5  30.9   2.37   2.1   0.0
  2 1984  43  16019  21.2  30.2   2.45   1.7   0.0
  2 1984  44  19798  21.9  32.0   2.52   2.4   0.0
  2 1984  45  21058  21.7  30.9   2.48   2.0   0.0
  2 1984  46  19618  22.4  31.0   2.54   1.9   0.0
  2 1984  47  19798  21.4  31.2   2.46   2.1   0.0
  2 1984  48  20698  21.4  31.9   2.53   1.6   0.0
  2 1984  49  15659  20.5  30.4   2.56   1.9   0.2
  2 1984  50  16379  23.2  29.5   2.63   2.6   0.0
  2 1984  51  19798  21.7  30.5   2.39   2.3   0.0
  2 1984  52  17459  20.8  28.8   2.18   2.1   0.0
  2 1984  53  15479  20.8  30.1   2.26   2.3   0.0
  2 1984  54  10799  23.3  29.3   2.72   2.2   0.0
  2 1984  55  21058  22.9  31.1   2.69   2.2   0.0
  2 1984  56  21958  21.2  31.2   2.43   2.4   0.0
  2 1984  57  13859  21.0  28.3   2.46   1.7   2.3
  2 1984  58  19438  21.6  29.6   2.46   2.6   0.0
  2 1984  59  15659  21.5  30.0   2.42   2.3   0.0
  2 1984  60  11699  23.1  28.0   2.63   2.2   0.0
  2 1984  61  17819  22.5  30.6   2.43   2.5   0.0
  2 1984  62  20338  21.9  30.6   2.54   2.2   0.0
  2 1984  63  20698  21.6  31.6   2.56   1.9   0.0
  2 1984  64  18539  21.9  31.0   2.50   2.9   0.0
  2 1984  65  12419  22.9  28.7   2.46   2.2   0.8
  2 1984  66   9179  22.7  27.6   2.70   1.6   3.8
  2 1984  67  13139  23.0  30.7   2.86   0.9   4.1
  2 1984  68  17459  21.8  32.9   2.97   1.0   0.0
  2 1984  69  20698  23.4  31.9   2.81   1.5   0.0
  2 1984  70  19438  23.0  32.8   2.74   1.5   0.0
  2 1984  71  13679  24.5  31.6   2.78   1.3   2.0
  2 1984  72  18179  23.0  32.8   2.93   1.8   0.0
  2 1984  73  15479  24.5  32.4   2.97   1.5  40.7
  2 1984  74  21058  22.8  34.4   2.97 -99.0   0.0
  2 1984  75  20878  22.8  34.4   3.05   1.4   0.0
  2 1984  76  17279  24.2  32.8   2.91   1.3   0.0
  2 1984  77  24298  23.6  33.5   2.92   2.0   0.0
  2 1984  78  24658  21.5  34.2   2.87   1.8   0.0
  2 1984  79  19078  23.9  33.6   2.80   1.4   0.0
  2 1984  80  21958  23.0  33.2   2.69   1.9   0.0
  2 1984  81  24838  22.9  33.7   2.70   2.7   0.0
  2 1984  82  24838  23.7  33.4   2.59   2.9   0.0
  2 1984  83  23938  23.4  32.3   2.56   2.7   0.0
  2 1984  84  15299  22.0  30.7   2.66   2.4   0.0
  2 1984  85  22858  23.0  33.5   2.62   2.4   0.0
  2 1984  86  16199  23.2  32.0   2.69   2.4   0.0
  2 1984  87  19618  23.7  33.2   2.76   2.4   0.0
  2 1984  88  14579  23.8  31.8   2.92   1.7   1.4
  2 1984  89  14939  23.8  33.6   2.95   1.4   2.4
  2 1984  90  18719  23.2  34.0   2.81   1.5   0.0
  2 1984  91  20338  23.6  33.5   2.88   2.0   0.0
  2 1984  92  17639  23.7  33.7   2.87   1.4   0.0
  2 1984  93  25558  23.5  35.5   2.80   2.4   0.0
  2 1984  94  16919  22.8  34.1   2.76   1.9   0.0
  2 1984  95  22318  23.6  34.6   2.72   2.0   0.0
  2 1984  96  22858  22.3  34.4   2.90   2.2   0.0
  2 1984  97  18719  24.3  34.0   2.75   2.3   0.0
  2 1984  98  25198  25.2  35.7   2.87   2.8   0.0
  2 1984  99  24478  24.0  34.5   2.71   2.9   0.0
  2 1984 100  22138  23.9  35.2   2.69   2.1   0.0
  2 1984 101  17459  24.2  34.1   2.85   2.1   0.0
  2 1984 102  22498  22.2  34.8   2.71   2.1   0.0
  2 1984 103  20698  23.0  34.5   2.71   1.6   0.0
  2 1984 104  23398  21.9  34.3   2.77   1.6   0.0
  2 1984 105  23758  24.3  34.7   2.79   2.3   0.0
  2 1984 106  22138  23.6  34.8   2.63   1.9   0.0
  2 1984 107  23398  23.9  34.8   2.83   2.2   0.0
  2 1984 108  18359  24.5  34.2   2.89   2.0   0.0
  2 1984 109  14579  24.3  32.8   2.81   1.3   0.0
  2 1984 110  16919  22.8  35.0   2.92   1.7   1.1
  2 1984 111  19258  23.8  34.0   2.87   1.2   0.8
  2 1984 112  18539  23.4  33.6   3.09   1.4   0.2
  2 1984 113  19618  24.4  34.0   2.99   1.2   0.0
  2 1984 114  23398  22.5  33.8   2.95   1.9   0.1
  2 1984 115  12959  24.8  32.1   2.85   2.0   1.0
  2 1984 116  20698  24.2  33.4   2.79   2.1   0.0
  2 1984 117  19618  24.1  33.3   2.93   1.5   0.3
  2 1984 118  16559  24.9  33.5   2.77   1.2  13.8
  2 1984 119  16199  23.6  33.6   3.09   1.5   6.9
  2 1984 120  15299  23.7  32.1   3.17   1.4  12.1
  2 1984 121  16199  23.1  33.5   2.98   1.2   6.4
  2 1984 122  11159  23.4  30.9   3.28   1.0   5.2
  2 1984 123  18179  22.4  31.8   3.04   1.2  26.8
  2 1984 124  10979  23.2  30.0   3.09   1.1  17.8
  2 1984 125  15839  22.8  30.8   2.96   1.5   6.0
  2 1984 126  12599  24.1  31.9   3.15   1.0   2.0
  2 1984 127  15299  24.0  31.4   3.00   1.2   0.0
  2 1984 128  16739  22.7  32.4   2.96   1.0  58.2
  2 1984 129  19258  23.0  32.4   2.98   0.8   0.0
  2 1984 130  18359  23.8  33.3   3.11 -99.0   0.3
  2 1984 131  12419  23.8  31.6   3.06   0.9   0.1
  2 1984 132  19258  24.0  32.9   3.01   1.2   6.8
  2 1984 133  24658  22.8  32.6   2.86   1.7   0.0
  2 1984 134  21418  23.0  33.0   2.98   0.9   0.8
  2 1984 135  20158  23.7  34.0   2.93   0.9   0.0
  2 1984 136  17639  23.9  32.8   3.02   0.9   0.3
  2 1984 137  13139  23.5  32.6   3.06   1.1   5.9
  2 1984 138  19258  23.3  32.3   3.10   0.9   0.0
  2 1984 139  19978  23.6  33.3   3.15   1.4   0.0
  2 1984 140  19798  23.7  33.6   3.04   1.2   0.0
  2 1984 141  16379  23.8  33.6   2.94   1.1   1.0
  2 1984 142  13679  24.0  33.5   3.18   1.0  40.2
  2 1984 143  16739  23.8  31.6   3.20   0.9   6.6
  2 1984 144  14939  24.1  31.6   3.09   0.9   5.9
  2 1984 145  20518  22.5  32.8   2.99   1.0  25.9
  2 1984 146  21778  23.9  33.2   3.02   1.8   1.2
  2 1984 147  22138  24.3  33.2   2.89   1.6   0.0
  2 1984 148  23758  24.0  34.4   3.13   1.2   0.0
  2 1984 149  25018  23.0  34.5   3.05   1.9   0.3
  2 1984 150  23578  25.0  34.2   3.09   1.1   0.0
  2 1984 151  18359  24.4  35.1   3.17   1.1   0.8
  2 1984 152  21058  23.7  33.8   3.16   1.1   0.0
  2 1984 153  16559  24.7  33.8   3.04   0.9   9.4
  2 1984 154  23218  23.1  34.7   2.86   1.4   0.0
  2 1984 155  18898  24.3  34.7   3.18   1.1   0.0
  2 1984 156  18719  24.1  34.5   3.06   1.4   0.0
  2 1984 157  13139  25.0  31.8   3.03   1.0  12.2
  2 1984 158  17099  24.4  32.3   2.90   1.5   0.0
  2 1984 159  13139  24.7  31.8   2.90   1.0  28.2
  2 1984 160  18359  23.8  31.7   2.82   1.6  32.3
  2 1984 161  20518  23.6  32.8   2.93   1.4   4.8
  2 1984 162  15479  24.0  31.5   3.11   1.2   0.7
  2 1984 163  13859  22.8  32.1   3.04   1.2  20.8
  2 1984 164  20518  23.2  32.0   2.90   1.0   6.6
  2 1984 165  22858  23.8  33.8   2.90   1.1   1.5
  2 1984 166  18179  23.1  33.8   2.98   0.9   3.5
  2 1984 167  11339  24.3  32.4   3.17   1.2   4.4
  2 1984 168   9179  24.0  30.0   2.94   1.8  12.3
  2 1984 169  12959  23.7  28.5   2.99   2.6   7.0
  2 1984 170   6839  23.7  27.4   2.80   2.8   0.3
  2 1984 171  12779  25.0  29.4   2.78   2.6   1.5
  2 1984 172  12239  24.2  28.9   2.90   1.9   2.8
  2 1984 173   7199  24.6  27.8   2.84   2.4   7.2
  2 1984 174   9359  24.4  28.8   2.91   3.3  11.0
  2 1984 175   7559  24.1  28.0   2.75   3.0   9.7
  2 1984 176  13859  25.3  29.4   2.94   2.1   1.7
  2 1984 177   9359  24.2  29.0   2.96   1.4   3.4
  2 1984 178   7019  24.2  28.7   2.89   0.9  18.8
  2 1984 179   9719  22.9  27.7   2.77   0.9   0.4
  2 1984 180  22858  22.0  32.2   2.73   1.4   0.0
  2 1984 181  16379  23.0  32.0   3.06   1.1   0.0
  2 1984 182   4500  24.1  27.2   3.06   1.0  48.8
  2 1984 183   8459  22.9  28.0   2.89   2.1   2.7
  2 1984 184  13319  24.1  30.3   2.79   2.2   2.0
  2 1984 185  19618  23.9  31.4   2.80   1.1   0.0
  2 1984 186  18898  22.0  31.7   2.83   0.7   0.0
  2 1984 187  10439  22.9  29.3   2.96   1.1   9.5
  2 1984 188  11339  23.2  28.2   2.80   2.2   0.0
  2 1984 189  16559  23.0  31.0   2.91   1.8   8.2
  2 1984 190  15839  23.2  32.3   2.87   0.9   0.0
  2 1984 191  14579  23.2  31.6   2.99   0.9   0.3
  2 1984 192  17099  23.6  30.8   2.95   0.9   2.6
  2 1984 193  16919  23.4  30.8   2.87   1.0  22.6
  2 1984 194  21778  22.4  32.8   2.92   1.2   0.0
  2 1984 195  23938  23.0  33.7   2.91   1.1   0.0
  2 1984 196  15479  23.4  32.4   2.96   0.9   1.4
  2 1984 197  16919  23.8  31.8   2.96   1.0   3.2
  2 1984 198  23578  22.7  32.8   2.89   1.3   0.0
  2 1984 199  19438  22.4  33.8   2.89   1.5  45.4
  2 1984 200  16739  21.5  32.0   2.99   1.0   3.8
  2 1984 201  23038  23.8  33.1   2.97   1.2   0.0
  2 1984 202  20338  22.8  33.5   2.97   1.0   2.2
  2 1984 203  16739  22.5  32.9   2.99   0.9   0.0
  2 1984 204  22678  22.7  34.1   2.88   1.1   0.0
  2 1984 205  20338  22.9  34.2   3.11   1.1   0.0
  2 1984 206  14939  22.6  32.2   2.82   1.3   0.0
  2 1984 207  16739  22.7  31.6   2.99   1.2   0.3
  2 1984 208  16919  23.1  31.7   3.01   1.3  31.6
  2 1984 209  22318  23.5  32.0   2.81   1.4   0.4
  2 1984 210  22138  23.1  33.0   2.81   1.8   0.0
  2 1984 211  22858  23.3  33.2   2.85   1.6   0.0
  2 1984 212  13859  23.4  31.7   2.88   1.1   0.0
  2 1984 213  16019  23.2  32.8   2.97   1.2   7.6
  2 1984 214  15119  24.0  31.4   2.87   1.1   0.0
  2 1984 215  13499  24.5  31.2   2.98   1.5   0.0
  2 1984 216  21778  23.9  33.4   3.05   1.5   0.0
  2 1984 217  17999  23.5  31.2   2.90   1.5   0.0
  2 1984 218   9719  23.0  29.1   2.82   1.7   1.4
  2 1984 219   6839  24.4  28.8   2.74   2.6  19.2
  2 1984 220  13679  24.1  30.0   2.88   2.6  15.6
  2 1984 221   8279  24.4  27.4   3.00   1.5   7.6
  2 1984 222  17639  23.1  31.3   2.90   1.6   0.0
  2 1984 223  21778  23.7  32.5   2.84   1.8   0.2
  2 1984 224  12419  24.0  30.0   2.90   1.8   2.7
  2 1984 225   9359  24.0  28.7   2.86   2.1  22.6
  2 1984 226   7379  24.0  28.0   2.72   3.5  21.2
  2 1984 227   4860  24.7  28.2   2.72   3.4  15.8
  2 1984 228  10799  24.6  29.4   2.89   3.3  10.2
  2 1984 229  16199  24.9  30.7   2.88   4.4   5.4
  2 1984 230  12959  25.9  30.2   2.90   3.5   6.4
  2 1984 231  15839  25.6  31.1   2.96   2.7   3.4
  2 1984 232  18359  23.7  32.5   2.85   2.0   0.0
  2 1984 233  19618  23.0  32.3   2.73   2.1   0.0
  2 1984 234  20518  23.1  33.3   2.91   1.7   0.0
  2 1984 235   6839  24.6  28.9   2.97   1.1  12.6
  2 1984 236   6839  23.8  28.5   2.88   0.8 103.0
  2 1984 237  11879  22.5  30.4   2.75   1.7   4.9
  2 1984 238  11879  22.8  30.1   2.75   2.0   5.2
  2 1984 239  10079  23.0  30.9   2.78   1.5  16.4
  2 1984 240   8999  23.6  28.3   2.74   2.7   7.9
  2 1984 241   8999  24.5  28.6   2.65   3.8  21.8
  2 1984 242   7739  24.8  28.3   2.84   4.4  32.8
  2 1984 243  13139  24.1  30.2   2.82   3.2   5.0
  2 1984 244  18179  23.1  32.5   2.92   1.4   0.0
  2 1984 245  17819  23.0  32.9   3.16   1.1   0.0
  2 1984 246  16739  21.3  32.8   2.56   1.3   5.7
  2 1984 247  12059  24.1  29.3   2.90   3.5   1.6
  2 1984 248  22138  23.5  31.3   2.85   2.5   0.0
  2 1984 249  13859  23.6  32.2   2.89   1.2  40.0
  2 1984 250  11699  22.5  29.8   2.93   1.0   5.0
  2 1984 251  22498  22.9  32.4   2.95   1.6   0.0
  2 1984 252  18359  24.1  32.4   2.94   1.2   2.2
  2 1984 253  20878  22.3  33.3   2.98   1.1   0.0
  2 1984 254  18719  22.0  32.5   2.91   0.7   0.2
  2 1984 255  17819  23.3  31.7   2.99   1.0   0.0
  2 1984 256  22318  22.9  32.7   3.04   1.1   0.0
  2 1984 257  23398  21.6  33.2   2.85   1.0   0.0
  2 1984 258  18719  23.0  33.0   3.04   1.0   0.2
  2 1984 259  17459  22.6  31.7   2.97   0.9   0.6
  2 1984 260  20518  23.7  32.7   3.05   1.1   0.0
  2 1984 261  17279  22.8  32.9   2.98   1.0   1.5
  2 1984 262  20878  22.1  31.6   2.96   1.4   7.4
  2 1984 263  14759  23.1  31.1   2.91   1.0   5.0
  2 1984 264   8999  23.4  30.6   2.94   1.1   9.2
  2 1984 265  11879  23.1  30.4   2.96   1.3   7.4
  2 1984 266  14579  24.5  30.7   3.04   1.0   5.4
  2 1984 267  17639  22.6  32.4   2.99   0.9  30.4
  2 1984 268  12779  22.4  30.8   3.02   1.0   3.3
  2 1984 269   9539  23.3  31.2   3.07   0.8  25.2
  2 1984 270   9539  23.0  30.1   2.98   0.8  10.8
  2 1984 271  14939  22.0  32.2   2.91   0.9  12.9
  2 1984 272  15479  23.2  31.8   3.04   0.9   2.1
  2 1984 273  21958  22.6  32.6   2.98   0.9   0.0
  2 1984 274  17999  22.6  31.7   2.92   1.2   0.0
  2 1984 275  15839  24.4  30.9   2.85   1.4   0.0
  2 1984 276  17819  24.0  32.6   3.06   1.5   0.0
  2 1984 277  12239  24.7  31.7   3.00   1.2   0.4
  2 1984 278   8999  24.2  28.0   2.85   0.8   0.2
  2 1984 279  14039  24.0  29.5   2.98   1.0   0.0
  2 1984 280  11339  23.4  29.6   2.73   0.7   8.3
  2 1984 281  11339  23.0  29.8   2.82   0.7   1.4
  2 1984 282   8999  23.3  29.8   2.86   1.0  53.2
  2 1984 283   7739  23.4  28.3   2.91   0.9  24.2
  2 1984 284   7559  23.4  29.0   2.98   1.0  17.1
  2 1984 285  18898  23.0  32.0   3.02   2.5   0.0
  2 1984 286  18719  23.2  33.3   2.98   1.2   4.2
  2 1984 287  15479  23.1  31.5   3.04   1.2   0.4
  2 1984 288  12419  23.4  29.9   2.82   1.1   0.4
  2 1984 289  14939  23.9  30.6   3.02   1.3   0.0
  2 1984 290  20158  22.9  31.7   2.80   1.2   0.0
  2 1984 291  20158  21.0  31.8   2.70   1.1   0.0
  2 1984 292  11879  23.0  31.3   2.91   1.1  48.6
  2 1984 293   4140  23.1  26.8   2.87   1.1  71.2
  2 1984 294   7199  23.0  27.9   2.81   1.3 165.9
  2 1984 295   2520  23.0  24.4   2.78   2.0 195.8
  2 1984 296   6479  23.2  26.0   2.86   1.2  20.6
  2 1984 297  11699  23.7  29.0   2.98   1.9  17.0
  2 1984 298  10079  24.1  28.5   3.08   1.8  52.7
  2 1984 299  11699  23.7  30.6   3.05   0.9  19.2
  2 1984 300  19798  22.1  32.5   2.94   1.8   0.0
  2 1984 301  11339  23.6  30.0   2.80   1.4   1.2
  2 1984 302  15659  23.4  31.5   2.92   1.7   0.8
  2 1984 303   7919  24.3  29.5   2.89   0.9   6.0
  2 1984 304  11699  24.0  30.3   2.97   0.9  15.6
  2 1984 305   3960  23.5  26.3   2.97   0.7   6.4
  2 1984 306  12959  23.5  30.2   2.86   1.0  11.6
  2 1984 307  16379  23.7  31.4   2.94   1.3   0.0
  2 1984 308  19618  23.6  32.0   2.89   1.1   0.0
  2 1984 309  13859  23.4  30.7   2.83   1.0   0.0
  2 1984 310   5400  23.6  28.5   2.80   2.0  12.3
  2 1984 311  20338  24.4  31.9   2.82   1.5   0.0
  2 1984 312  17999  22.6  32.7   2.94   1.5   0.0
  2 1984 313  17819  24.3  32.0   2.92   1.8   0.6
  2 1984 314  15479  24.7  31.1   2.95   2.0   4.0
  2 1984 315  11159  22.5  29.2   2.44   1.2   2.0
  2 1984 316  12599  23.7  30.4   2.97   1.2   0.0
  2 1984 317  19258  24.1  31.9   2.89   1.8   0.4
  2 1984 318  17999  23.5  31.4   2.70   2.0   6.0
  2 1984 319  16559  23.6  31.3   2.77   1.6   3.0
  2 1984 320  19078  22.5  31.5   2.76   1.2   0.0
  2 1984 321  17279  22.2  31.6   2.97   1.1   0.0
  2 1984 322  17819  23.3  32.9   2.90   1.7   0.0
  2 1984 323  17279  22.8  30.9   2.89   1.4   3.0
  2 1984 324  18359  24.3  31.5   2.75   1.3   0.0
  2 1984 325   8999  21.1  27.9   3.14   1.2   3.0
  2 1984 326  15839  22.8  29.2   2.58   1.9   0.0
  2 1984 327  14219  22.6  30.4   2.48   1.6   0.0
  2 1984 328  12599  23.1  30.7   2.58   1.5   1.6
  2 1984 329   9179  23.0  29.5   2.87   1.4   0.0
  2 1984 330  17639  23.4  31.9   2.70   2.3   5.0
  2 1984 331   1800  24.2  26.2   2.89   1.1  53.6
  2 1984 332   7559  23.4  28.4   2.89   1.9  13.0
  2 1984 333   8459  23.7  28.2   2.54   1.9   1.1
  2 1984 334  14939  23.1  29.9   2.56   2.0   0.0
  2 1984 335   6659  24.0  27.4   2.83   1.1  23.2
  2 1984 336   5940  23.9  27.5   2.88   1.2   4.0
  2 1984 337  15839  24.0  30.5   2.78   1.7   0.0
  2 1984 338  12779  24.5  30.3   2.82   1.1   1.8
  2 1984 339  11159  23.5  29.5   2.83   1.8   0.2
  2 1984 340  12059  23.0  29.4   2.56   1.7   0.0
  2 1984 341  12779  23.2  30.4   2.65   2.1   0.5
  2 1984 342   9719  23.4  28.6   2.59   1.8   6.5
  2 1984 343   9719  22.7  28.2   2.47   1.6   0.4
  2 1984 344  18359  21.2  30.0   2.27   1.8   0.0
  2 1984 345  17639  19.0  29.4   2.47   1.2   0.0
  2 1984 346  14759  19.8  29.9   2.36   1.9   0.0
  2 1984 347  13859  22.4  30.2   2.46   2.2   0.0
  2 1984 348   8099  23.1  26.9   2.39   1.6   0.0
  2 1984 349  11519  22.0  29.0   2.44   1.7   0.0
  2 1984 350  13679  21.1  30.1   2.39   1.9   0.2
  2 1984 351  11339  22.8  29.9   2.49   1.5   0.7
  2 1984 352  11339  23.5  31.5   2.91   2.1   0.2
  2 1984 353  13679  23.1  31.1   2.64   1.9   0.0
  2 1984 354  14939  23.9  30.5   2.49   2.3   0.0
  2 1984 355  15839  22.6  30.5   2.51   2.0   1.9
  2 1984 356  13859  23.1  30.7   2.72   2.0   0.0
  2 1984 357  10799  23.6  28.9   2.56   1.5   5.3
  2 1984 358  10439  23.4  28.4   2.75   2.3   1.7
  2 1984 359   8639  22.5  27.5   2.44   1.9   0.7
  2 1984 360  12239  21.5  28.2   2.65   2.2   0.8
  2 1984 361  11879  22.2  28.5   2.47   2.1   0.0
  2 1984 362  15119  21.4  29.7   2.27   1.8   0.0
  2 1984 363  13859  21.8  29.7   2.39   1.7   0.0
  2 1984 364   8819  22.0  28.1   2.43   1.8   0.0
  2 1984 365  14399  22.0  28.9   2.42   2.2   0.0
  2 1984 366   9539  22.1  28.6   2.46   2.0   0.6
";}}s:20:"custom_result_object";a:0:{}s:11:"current_row";i:0;s:8:"num_rows";i:1;s:8:"row_data";N;}