O:12:"CI_DB_result":8:{s:7:"conn_id";N;s:9:"result_id";N;s:12:"result_array";a:1:{i:0;a:9:{s:2:"id";s:2:"37";s:7:"country";s:11:"Philippines";s:12:"station_code";s:1:"2";s:12:"country_code";s:4:"phil";s:13:"site_latitude";N;s:14:"site_longitude";N;s:13:"site_altitude";N;s:4:"year";s:4:"2007";s:4:"data";s:10241:"*-----------------------------------------------------------
*  Station Name: IRDR0002    IRRI-Dryland, Los Banos, Laguna
*  Author      : Climate Unit, IRRI    -99.: nil value
*  Source      : International Rice Research Institute (IRRI)
*
*  Comments    : This file is extracted from CLICOM database.
*  Longitude:  121 15 E   Latitude:  14 08 N   Altitude: 23.0 m
*
*  Column    Daily Value
*     1      Station number
*     2      Year
*     3      Day
*     4      irradiance         KJ m-2 d-1
*     5      min temperature            oC
*     6      max temperature            oC
*     7      vapor pressure            kPa
*     8      mean wind speed         m s-1
*     9      precipitation          mm d-1
*-----------------------------------------------------------
121.25  14.13  23.0  0.00  0.00
  2 2007   1  16091  23.8  29.6   2.58   2.3   0.0
  2 2007   2  12995  24.9  30.3   2.75   2.0   1.0
  2 2007   3  11087  24.7  30.0   2.94   1.6   0.5
  2 2007   4  15695  25.0  31.0   2.86   1.6   4.6
  2 2007   5  18898  24.6  30.6   2.81   2.0   0.0
  2 2007   6  16595  23.7  30.0   2.60   2.2   0.0
  2 2007   7   6587  24.4  27.3   2.51   1.9   0.7
  2 2007   8  11699  24.0  28.5   2.69   3.0   0.0
  2 2007   9   9395  24.1  27.0   2.42   2.4   0.0
  2 2007  10   9503  23.1  27.4   2.22   2.3   0.0
  2 2007  11   5688  23.7  26.5   2.48   1.5   3.4
  2 2007  12  12599  23.9  29.6   2.84   2.0   4.0
  2 2007  13  13283  23.6  29.5   2.82   2.0   0.2
  2 2007  14   8891  23.5  28.1   2.62   2.1  12.2
  2 2007  15   7091  23.2  27.6   2.62   2.0  12.6
  2 2007  16   9107  23.1  29.2   2.86   1.1   4.6
  2 2007  17  21094  22.7  30.6   2.53   1.8   0.0
  2 2007  18  15695  23.5  29.5   2.80   1.5   0.0
  2 2007  19  17099  22.5  30.5   2.62   1.9   0.0
  2 2007  20  17315  23.4  30.6   2.56   1.9   0.0
  2 2007  21  19294  23.6  31.0   2.58   1.6   0.0
  2 2007  22  15299  22.6  30.5   2.53   2.0   1.0
  2 2007  23  17999  23.7  30.5   2.73   1.9   0.0
  2 2007  24  14615  22.3  30.1   2.63   1.2   0.0
  2 2007  25  12995  22.9  28.5   2.63   1.4   0.0
  2 2007  26   9611  23.0  27.8   2.53   1.7   0.3
  2 2007  27  19402  22.2  29.8   2.42   1.2   0.0
  2 2007  28  18107  20.5  30.5   2.51   2.7   0.0
  2 2007  29   8315  22.0  25.6   2.12   2.7   0.0
  2 2007  30   7811  21.1  25.7   2.14   1.7   0.0
  2 2007  31  10187  21.2  26.4   2.02   1.9   0.0
  2 2007  32  12311  20.6  26.5   2.28   2.1   0.0
  2 2007  33  12815  21.0  26.1   1.92   2.6   0.0
  2 2007  34  15695  20.5  27.1   2.05   2.3   0.0
  2 2007  35  14903  20.1  27.5   2.31   1.9   0.0
  2 2007  36  17099  21.5  29.2   2.25   2.0   0.0
  2 2007  37   8711  23.4  28.5   2.39   1.9   4.6
  2 2007  38  17099  22.8  31.0   2.78   1.7   3.3
  2 2007  39   7415  23.0  28.0   2.65   1.7   1.3
  2 2007  40  21202  23.3  30.5   2.64   2.0   0.0
  2 2007  41  21490  19.8  30.2   2.28   1.6   0.0
  2 2007  42  22606  21.1  31.1   2.31   1.8   0.0
  2 2007  43  20482  21.5  31.6   2.43   1.7   0.0
  2 2007  44  21202  22.1  31.5   2.49   1.9   0.0
  2 2007  45  19978  22.9  31.2   2.52   1.6   0.0
  2 2007  46  17891  23.0  31.6   2.59   2.2   0.0
  2 2007  47  18503  22.4  30.9   2.40   1.7   0.0
  2 2007  48  19690  21.4  31.0   2.61   1.9   0.0
  2 2007  49  17999  23.5  32.6   2.71   1.1   0.0
  2 2007  50  17495  25.2  31.5   2.80   1.7   0.0
  2 2007  51  14615  25.0  30.5   2.86   1.1   2.8
  2 2007  52  20590  24.0  33.0   2.78   1.6   0.0
  2 2007  53  19690  23.0  32.2   2.66   1.4   0.0
  2 2007  54  22894  23.8  32.5   2.69   1.6   0.0
  2 2007  55  16199  22.7  32.4   2.66   1.8   0.0
  2 2007  56  19078  22.8  33.0   2.60   1.1   0.0
  2 2007  57  17891  23.2  31.0   2.70   1.7   0.0
  2 2007  58  14687  24.1  29.2   2.44   2.3   0.0
  2 2007  59  19582  21.7  31.0   2.15   2.2   0.0
  2 2007  60  22786  21.4  31.7   2.42   2.2   0.0
  2 2007  61  15911  23.5  31.1   2.39   1.9   0.0
  2 2007  62  16415  22.0  31.5   2.37   1.5   3.1
  2 2007  63  20878  23.5  32.3   2.75   1.6   0.0
  2 2007  64  21202  23.6  32.5   2.71   1.5   0.0
  2 2007  65  23110  21.5  32.7   2.56   1.8   1.0
  2 2007  66   8099  22.4  27.9   2.47   1.5   5.2
  2 2007  67  20590  22.5  31.0   2.47   2.3   0.0
  2 2007  68  17783  24.0  30.6   2.94   2.2   0.0
  2 2007  69  16991  23.5  31.0   2.69   2.0   0.0
  2 2007  70  21310  21.4  30.8   2.53   2.0   0.0
  2 2007  71  21490  22.4  31.6   2.61   2.2   0.0
  2 2007  72  21094  22.5  31.5   2.45   2.2   0.0
  2 2007  73  20482  20.8  31.5   2.45   2.1   0.0
  2 2007  74  12383  24.2  30.7   2.50   1.2   0.0
  2 2007  75  17315  23.5  32.2   2.75   1.2  12.8
  2 2007  76  23002  25.1  32.0   2.83   2.4   0.0
  2 2007  77  14291  21.5  29.6   2.44   1.5   0.5
  2 2007  78  22606  21.0  32.0   2.55   1.9   0.0
  2 2007  79  20986  22.6  31.5   2.61   2.1   0.0
  2 2007  80  19978  24.2  31.5   2.65   2.5   0.0
  2 2007  81  16703  24.5  31.3   2.75   2.0   3.4
  2 2007  82  20086  24.2  31.5   2.82   2.5   0.0
  2 2007  83  16595  25.0  31.0   2.71   1.5  21.5
  2 2007  84  23578  23.3  33.3   2.81   1.1   0.0
  2 2007  85  22678  24.3  32.9   2.74   1.8   0.0
  2 2007  86  20806  23.7  32.8   2.66   1.3   0.0
  2 2007  87  21598  21.4  31.4   2.68   2.0   0.0
  2 2007  88  24190  19.8  32.0   2.46   1.8   0.0
  2 2007  89  23794  23.1  32.2   2.97   1.8   0.0
  2 2007  90  20986  21.9  34.4   2.69   1.4   0.0
  2 2007  91  21706  22.9  34.0   2.77   1.2   0.0
  2 2007  92  20698  22.0  34.7   2.70   1.3   0.0
  2 2007  93  20986  23.0  32.0   2.83   1.9   0.0
  2 2007  94  13895  24.5  30.0   2.76   2.0   5.2
  2 2007  95  14507  24.5  30.0   2.68   2.2   0.2
  2 2007  96  21598  23.7  30.8   2.51   2.3   0.0
  2 2007  97  22102  24.0  31.5   2.51   2.1   0.0
  2 2007  98  21202  24.0  32.0   2.70   1.9   0.0
  2 2007  99  21382  24.7  32.0   2.73   2.3   0.0
  2 2007 100  19402  24.0  32.9   2.72   1.6   0.0
  2 2007 101  20194  23.7  33.5   2.72   1.1   0.0
  2 2007 102  21706  24.2  33.0   2.80   2.0   0.0
  2 2007 103  21598  24.4  32.6   2.79   1.9   0.0
  2 2007 104  21310  24.0  32.4   2.91   2.0   0.0
  2 2007 105  23506  24.2  34.5   2.88   1.1   0.0
  2 2007 106  21598  24.2  35.0   3.09   1.4   0.0
  2 2007 107  17783  26.4  35.5   3.14   1.5   0.0
  2 2007 108  23902  22.5  35.6   2.93   2.0   0.0
  2 2007 109  21778  22.5  34.6   2.86   1.4   0.0
  2 2007 110  18898  25.6  33.0   3.05   2.0   0.6
  2 2007 111  15911  26.0  32.2   3.08   2.2   0.0
  2 2007 112  18395  24.5  33.1   2.89   1.9   0.0
  2 2007 113  24190  24.8  35.4   2.98   1.9   0.0
  2 2007 114  14003  25.7  34.0   3.07   1.3   0.0
  2 2007 115  24010  26.0  33.6   3.07   2.0   0.0
  2 2007 116  17207  26.0  32.4   2.99   2.6   0.0
  2 2007 117  16883  25.6  33.0   3.03   2.2   2.2
  2 2007 118  20878  25.0  32.6   2.93   2.5   0.1
  2 2007 119  22678  24.8  33.0   3.04   2.4   0.0
  2 2007 120  21994  25.6  33.0   2.92   2.4   0.1
  2 2007 121  22786  25.4  33.9   3.03   2.3   0.0
  2 2007 122  21598  25.0  33.2   2.81   1.9   0.0
  2 2007 123  21598  24.6  33.5   2.87   2.3   0.0
  2 2007 124  22498  25.2  33.9   2.93   2.2   0.0
  2 2007 125  20194  26.2  33.6   2.80   1.3   0.0
  2 2007 126  20410  24.1  35.0   3.06   1.5   0.0
  2 2007 127  14615  22.3  33.4   2.65   1.0   6.6
  2 2007 128  14795  24.3  33.1   2.94   1.2   6.2
  2 2007 129  16199  24.5  32.7   3.07   1.3   0.5
  2 2007 130  20086  25.2  33.7   2.95   1.8   0.4
  2 2007 131  16883  25.4  33.0   3.00   1.6   4.7
  2 2007 132  22102  25.8  34.0   3.06   1.8   0.0
  2 2007 133  20482  26.0  34.3   3.00   2.1   0.0
  2 2007 134  19294  25.8  33.5   3.05   2.0   0.0
  2 2007 135  21598  25.2  34.1   3.01   2.0   0.0
  2 2007 136  23686  23.4  35.0   2.83   1.4   0.0
  2 2007 137  22786  24.0  36.5   2.97   1.7   0.0
  2 2007 138  20878  25.8  35.6   3.02   1.8   0.0
  2 2007 139  17891  26.9  34.8   3.15   1.7   0.0
  2 2007 140  20302  24.7  35.6   3.07   1.5   0.0
  2 2007 141  13391  23.9  34.6   3.03   1.0   6.9
  2 2007 142  13607  24.8  33.7   3.20   1.5   0.0
  2 2007 143  12995  23.9  33.5   3.11   1.1   0.0
  2 2007 144  19294  24.0  35.1   3.05   1.4   0.6
  2 2007 145  11303  24.6  32.6   3.05   1.1   7.6
  2 2007 146  18503  24.2  34.0   3.09   1.0  15.6
  2 2007 147  19690  24.5  33.2   3.09   1.5  21.8
  2 2007 148  18287  24.3  33.8   3.01   1.5   3.3
  2 2007 149  17999  24.9  34.2   3.13   1.1   0.0
  2 2007 150  21706  23.6  32.9   2.95   1.0   0.0
  2 2007 151  15587  24.9  32.5   3.22   1.6   5.9
  2 2007 152  18287  24.8  32.4   3.10   1.3   0.1
  2 2007 153  17387  24.5  33.7   3.18   1.3   0.0
  2 2007 154  18683  24.0  35.0   3.20   0.9   1.6
  2 2007 155  20590  24.7  34.5   3.32   0.8   0.0
  2 2007 156  18898  24.0  34.2   3.18   1.1   0.0
  2 2007 157  23182  23.4  35.1   3.05   1.0   0.0
  2 2007 158  21706  24.5  35.0   3.09   1.2   0.0
  2 2007 159  16991  25.6  35.0   3.09   0.8   0.0
  2 2007 160  16091  24.2  34.3   3.11   1.1   8.6
  2 2007 161  17783  23.6  34.0   3.21   1.1  10.5
  2 2007 162  21778  24.5  34.7   3.16   1.7   0.0
  2 2007 163  22894  24.6  35.0   3.02   1.9   0.2
  2 2007 164  17603  25.5  33.0   3.11   1.8   0.0
  2 2007 165  17207  25.0  34.5   3.11   1.1  12.2
  2 2007 166  20086  25.4  34.0   3.15   1.3   0.0
  2 2007 167  21490  26.6  34.6   2.97   1.5   0.0
  2 2007 168  11195  26.7  32.0   3.10   1.2   0.6
  2 2007 169  17207  25.5  33.0   3.18   1.7   0.0
  2 2007 170   6695  26.0  29.2   3.12   1.1   0.0
  2 2007 171  13283  26.0  32.8   3.01   1.3  96.0
  2 2007 172  11195  24.2  31.4   3.14   1.2   9.8
  2 2007 173  10691  25.3  30.5   3.22   1.5   1.2
  2 2007 174  17999  24.9  33.0   3.21   1.4   6.4
  2 2007 175  18790  24.9  34.0   3.16   0.9   0.0
  2 2007 176  17891  24.9  33.5   3.17   1.1  15.2
  2 2007 177   9503  24.9  31.4   2.99   0.9   0.0
  2 2007 178  12491  24.8  32.3   3.06   0.7   1.6
  2 2007 179  12995  24.6  31.7   3.04   1.3   6.2
  2 2007 180  16811  24.8  33.5   3.14   1.1   0.0
  2 2007 181  13715  24.3  32.2   3.09   1.1   7.2
";}}s:13:"result_object";a:1:{i:0;O:8:"stdClass":9:{s:2:"id";s:2:"37";s:7:"country";s:11:"Philippines";s:12:"station_code";s:1:"2";s:12:"country_code";s:4:"phil";s:13:"site_latitude";N;s:14:"site_longitude";N;s:13:"site_altitude";N;s:4:"year";s:4:"2007";s:4:"data";s:10241:"*-----------------------------------------------------------
*  Station Name: IRDR0002    IRRI-Dryland, Los Banos, Laguna
*  Author      : Climate Unit, IRRI    -99.: nil value
*  Source      : International Rice Research Institute (IRRI)
*
*  Comments    : This file is extracted from CLICOM database.
*  Longitude:  121 15 E   Latitude:  14 08 N   Altitude: 23.0 m
*
*  Column    Daily Value
*     1      Station number
*     2      Year
*     3      Day
*     4      irradiance         KJ m-2 d-1
*     5      min temperature            oC
*     6      max temperature            oC
*     7      vapor pressure            kPa
*     8      mean wind speed         m s-1
*     9      precipitation          mm d-1
*-----------------------------------------------------------
121.25  14.13  23.0  0.00  0.00
  2 2007   1  16091  23.8  29.6   2.58   2.3   0.0
  2 2007   2  12995  24.9  30.3   2.75   2.0   1.0
  2 2007   3  11087  24.7  30.0   2.94   1.6   0.5
  2 2007   4  15695  25.0  31.0   2.86   1.6   4.6
  2 2007   5  18898  24.6  30.6   2.81   2.0   0.0
  2 2007   6  16595  23.7  30.0   2.60   2.2   0.0
  2 2007   7   6587  24.4  27.3   2.51   1.9   0.7
  2 2007   8  11699  24.0  28.5   2.69   3.0   0.0
  2 2007   9   9395  24.1  27.0   2.42   2.4   0.0
  2 2007  10   9503  23.1  27.4   2.22   2.3   0.0
  2 2007  11   5688  23.7  26.5   2.48   1.5   3.4
  2 2007  12  12599  23.9  29.6   2.84   2.0   4.0
  2 2007  13  13283  23.6  29.5   2.82   2.0   0.2
  2 2007  14   8891  23.5  28.1   2.62   2.1  12.2
  2 2007  15   7091  23.2  27.6   2.62   2.0  12.6
  2 2007  16   9107  23.1  29.2   2.86   1.1   4.6
  2 2007  17  21094  22.7  30.6   2.53   1.8   0.0
  2 2007  18  15695  23.5  29.5   2.80   1.5   0.0
  2 2007  19  17099  22.5  30.5   2.62   1.9   0.0
  2 2007  20  17315  23.4  30.6   2.56   1.9   0.0
  2 2007  21  19294  23.6  31.0   2.58   1.6   0.0
  2 2007  22  15299  22.6  30.5   2.53   2.0   1.0
  2 2007  23  17999  23.7  30.5   2.73   1.9   0.0
  2 2007  24  14615  22.3  30.1   2.63   1.2   0.0
  2 2007  25  12995  22.9  28.5   2.63   1.4   0.0
  2 2007  26   9611  23.0  27.8   2.53   1.7   0.3
  2 2007  27  19402  22.2  29.8   2.42   1.2   0.0
  2 2007  28  18107  20.5  30.5   2.51   2.7   0.0
  2 2007  29   8315  22.0  25.6   2.12   2.7   0.0
  2 2007  30   7811  21.1  25.7   2.14   1.7   0.0
  2 2007  31  10187  21.2  26.4   2.02   1.9   0.0
  2 2007  32  12311  20.6  26.5   2.28   2.1   0.0
  2 2007  33  12815  21.0  26.1   1.92   2.6   0.0
  2 2007  34  15695  20.5  27.1   2.05   2.3   0.0
  2 2007  35  14903  20.1  27.5   2.31   1.9   0.0
  2 2007  36  17099  21.5  29.2   2.25   2.0   0.0
  2 2007  37   8711  23.4  28.5   2.39   1.9   4.6
  2 2007  38  17099  22.8  31.0   2.78   1.7   3.3
  2 2007  39   7415  23.0  28.0   2.65   1.7   1.3
  2 2007  40  21202  23.3  30.5   2.64   2.0   0.0
  2 2007  41  21490  19.8  30.2   2.28   1.6   0.0
  2 2007  42  22606  21.1  31.1   2.31   1.8   0.0
  2 2007  43  20482  21.5  31.6   2.43   1.7   0.0
  2 2007  44  21202  22.1  31.5   2.49   1.9   0.0
  2 2007  45  19978  22.9  31.2   2.52   1.6   0.0
  2 2007  46  17891  23.0  31.6   2.59   2.2   0.0
  2 2007  47  18503  22.4  30.9   2.40   1.7   0.0
  2 2007  48  19690  21.4  31.0   2.61   1.9   0.0
  2 2007  49  17999  23.5  32.6   2.71   1.1   0.0
  2 2007  50  17495  25.2  31.5   2.80   1.7   0.0
  2 2007  51  14615  25.0  30.5   2.86   1.1   2.8
  2 2007  52  20590  24.0  33.0   2.78   1.6   0.0
  2 2007  53  19690  23.0  32.2   2.66   1.4   0.0
  2 2007  54  22894  23.8  32.5   2.69   1.6   0.0
  2 2007  55  16199  22.7  32.4   2.66   1.8   0.0
  2 2007  56  19078  22.8  33.0   2.60   1.1   0.0
  2 2007  57  17891  23.2  31.0   2.70   1.7   0.0
  2 2007  58  14687  24.1  29.2   2.44   2.3   0.0
  2 2007  59  19582  21.7  31.0   2.15   2.2   0.0
  2 2007  60  22786  21.4  31.7   2.42   2.2   0.0
  2 2007  61  15911  23.5  31.1   2.39   1.9   0.0
  2 2007  62  16415  22.0  31.5   2.37   1.5   3.1
  2 2007  63  20878  23.5  32.3   2.75   1.6   0.0
  2 2007  64  21202  23.6  32.5   2.71   1.5   0.0
  2 2007  65  23110  21.5  32.7   2.56   1.8   1.0
  2 2007  66   8099  22.4  27.9   2.47   1.5   5.2
  2 2007  67  20590  22.5  31.0   2.47   2.3   0.0
  2 2007  68  17783  24.0  30.6   2.94   2.2   0.0
  2 2007  69  16991  23.5  31.0   2.69   2.0   0.0
  2 2007  70  21310  21.4  30.8   2.53   2.0   0.0
  2 2007  71  21490  22.4  31.6   2.61   2.2   0.0
  2 2007  72  21094  22.5  31.5   2.45   2.2   0.0
  2 2007  73  20482  20.8  31.5   2.45   2.1   0.0
  2 2007  74  12383  24.2  30.7   2.50   1.2   0.0
  2 2007  75  17315  23.5  32.2   2.75   1.2  12.8
  2 2007  76  23002  25.1  32.0   2.83   2.4   0.0
  2 2007  77  14291  21.5  29.6   2.44   1.5   0.5
  2 2007  78  22606  21.0  32.0   2.55   1.9   0.0
  2 2007  79  20986  22.6  31.5   2.61   2.1   0.0
  2 2007  80  19978  24.2  31.5   2.65   2.5   0.0
  2 2007  81  16703  24.5  31.3   2.75   2.0   3.4
  2 2007  82  20086  24.2  31.5   2.82   2.5   0.0
  2 2007  83  16595  25.0  31.0   2.71   1.5  21.5
  2 2007  84  23578  23.3  33.3   2.81   1.1   0.0
  2 2007  85  22678  24.3  32.9   2.74   1.8   0.0
  2 2007  86  20806  23.7  32.8   2.66   1.3   0.0
  2 2007  87  21598  21.4  31.4   2.68   2.0   0.0
  2 2007  88  24190  19.8  32.0   2.46   1.8   0.0
  2 2007  89  23794  23.1  32.2   2.97   1.8   0.0
  2 2007  90  20986  21.9  34.4   2.69   1.4   0.0
  2 2007  91  21706  22.9  34.0   2.77   1.2   0.0
  2 2007  92  20698  22.0  34.7   2.70   1.3   0.0
  2 2007  93  20986  23.0  32.0   2.83   1.9   0.0
  2 2007  94  13895  24.5  30.0   2.76   2.0   5.2
  2 2007  95  14507  24.5  30.0   2.68   2.2   0.2
  2 2007  96  21598  23.7  30.8   2.51   2.3   0.0
  2 2007  97  22102  24.0  31.5   2.51   2.1   0.0
  2 2007  98  21202  24.0  32.0   2.70   1.9   0.0
  2 2007  99  21382  24.7  32.0   2.73   2.3   0.0
  2 2007 100  19402  24.0  32.9   2.72   1.6   0.0
  2 2007 101  20194  23.7  33.5   2.72   1.1   0.0
  2 2007 102  21706  24.2  33.0   2.80   2.0   0.0
  2 2007 103  21598  24.4  32.6   2.79   1.9   0.0
  2 2007 104  21310  24.0  32.4   2.91   2.0   0.0
  2 2007 105  23506  24.2  34.5   2.88   1.1   0.0
  2 2007 106  21598  24.2  35.0   3.09   1.4   0.0
  2 2007 107  17783  26.4  35.5   3.14   1.5   0.0
  2 2007 108  23902  22.5  35.6   2.93   2.0   0.0
  2 2007 109  21778  22.5  34.6   2.86   1.4   0.0
  2 2007 110  18898  25.6  33.0   3.05   2.0   0.6
  2 2007 111  15911  26.0  32.2   3.08   2.2   0.0
  2 2007 112  18395  24.5  33.1   2.89   1.9   0.0
  2 2007 113  24190  24.8  35.4   2.98   1.9   0.0
  2 2007 114  14003  25.7  34.0   3.07   1.3   0.0
  2 2007 115  24010  26.0  33.6   3.07   2.0   0.0
  2 2007 116  17207  26.0  32.4   2.99   2.6   0.0
  2 2007 117  16883  25.6  33.0   3.03   2.2   2.2
  2 2007 118  20878  25.0  32.6   2.93   2.5   0.1
  2 2007 119  22678  24.8  33.0   3.04   2.4   0.0
  2 2007 120  21994  25.6  33.0   2.92   2.4   0.1
  2 2007 121  22786  25.4  33.9   3.03   2.3   0.0
  2 2007 122  21598  25.0  33.2   2.81   1.9   0.0
  2 2007 123  21598  24.6  33.5   2.87   2.3   0.0
  2 2007 124  22498  25.2  33.9   2.93   2.2   0.0
  2 2007 125  20194  26.2  33.6   2.80   1.3   0.0
  2 2007 126  20410  24.1  35.0   3.06   1.5   0.0
  2 2007 127  14615  22.3  33.4   2.65   1.0   6.6
  2 2007 128  14795  24.3  33.1   2.94   1.2   6.2
  2 2007 129  16199  24.5  32.7   3.07   1.3   0.5
  2 2007 130  20086  25.2  33.7   2.95   1.8   0.4
  2 2007 131  16883  25.4  33.0   3.00   1.6   4.7
  2 2007 132  22102  25.8  34.0   3.06   1.8   0.0
  2 2007 133  20482  26.0  34.3   3.00   2.1   0.0
  2 2007 134  19294  25.8  33.5   3.05   2.0   0.0
  2 2007 135  21598  25.2  34.1   3.01   2.0   0.0
  2 2007 136  23686  23.4  35.0   2.83   1.4   0.0
  2 2007 137  22786  24.0  36.5   2.97   1.7   0.0
  2 2007 138  20878  25.8  35.6   3.02   1.8   0.0
  2 2007 139  17891  26.9  34.8   3.15   1.7   0.0
  2 2007 140  20302  24.7  35.6   3.07   1.5   0.0
  2 2007 141  13391  23.9  34.6   3.03   1.0   6.9
  2 2007 142  13607  24.8  33.7   3.20   1.5   0.0
  2 2007 143  12995  23.9  33.5   3.11   1.1   0.0
  2 2007 144  19294  24.0  35.1   3.05   1.4   0.6
  2 2007 145  11303  24.6  32.6   3.05   1.1   7.6
  2 2007 146  18503  24.2  34.0   3.09   1.0  15.6
  2 2007 147  19690  24.5  33.2   3.09   1.5  21.8
  2 2007 148  18287  24.3  33.8   3.01   1.5   3.3
  2 2007 149  17999  24.9  34.2   3.13   1.1   0.0
  2 2007 150  21706  23.6  32.9   2.95   1.0   0.0
  2 2007 151  15587  24.9  32.5   3.22   1.6   5.9
  2 2007 152  18287  24.8  32.4   3.10   1.3   0.1
  2 2007 153  17387  24.5  33.7   3.18   1.3   0.0
  2 2007 154  18683  24.0  35.0   3.20   0.9   1.6
  2 2007 155  20590  24.7  34.5   3.32   0.8   0.0
  2 2007 156  18898  24.0  34.2   3.18   1.1   0.0
  2 2007 157  23182  23.4  35.1   3.05   1.0   0.0
  2 2007 158  21706  24.5  35.0   3.09   1.2   0.0
  2 2007 159  16991  25.6  35.0   3.09   0.8   0.0
  2 2007 160  16091  24.2  34.3   3.11   1.1   8.6
  2 2007 161  17783  23.6  34.0   3.21   1.1  10.5
  2 2007 162  21778  24.5  34.7   3.16   1.7   0.0
  2 2007 163  22894  24.6  35.0   3.02   1.9   0.2
  2 2007 164  17603  25.5  33.0   3.11   1.8   0.0
  2 2007 165  17207  25.0  34.5   3.11   1.1  12.2
  2 2007 166  20086  25.4  34.0   3.15   1.3   0.0
  2 2007 167  21490  26.6  34.6   2.97   1.5   0.0
  2 2007 168  11195  26.7  32.0   3.10   1.2   0.6
  2 2007 169  17207  25.5  33.0   3.18   1.7   0.0
  2 2007 170   6695  26.0  29.2   3.12   1.1   0.0
  2 2007 171  13283  26.0  32.8   3.01   1.3  96.0
  2 2007 172  11195  24.2  31.4   3.14   1.2   9.8
  2 2007 173  10691  25.3  30.5   3.22   1.5   1.2
  2 2007 174  17999  24.9  33.0   3.21   1.4   6.4
  2 2007 175  18790  24.9  34.0   3.16   0.9   0.0
  2 2007 176  17891  24.9  33.5   3.17   1.1  15.2
  2 2007 177   9503  24.9  31.4   2.99   0.9   0.0
  2 2007 178  12491  24.8  32.3   3.06   0.7   1.6
  2 2007 179  12995  24.6  31.7   3.04   1.3   6.2
  2 2007 180  16811  24.8  33.5   3.14   1.1   0.0
  2 2007 181  13715  24.3  32.2   3.09   1.1   7.2
";}}s:20:"custom_result_object";a:0:{}s:11:"current_row";i:0;s:8:"num_rows";i:1;s:8:"row_data";N;}