O:12:"CI_DB_result":8:{s:7:"conn_id";N;s:9:"result_id";N;s:12:"result_array";a:1:{i:0;a:9:{s:2:"id";s:1:"8";s:7:"country";s:9:"Indonesia";s:12:"station_code";s:2:"43";s:12:"country_code";s:4:"indo";s:13:"site_latitude";s:6:"111.17";s:14:"site_longitude";s:4:"6.75";s:13:"site_altitude";s:3:"7.0";s:4:"year";s:4:"1992";s:4:"data";s:20532:"111.17   6.75    7.0   0.00   0.00
    43  1992     1 13724  24.5  33.5  1.96   0.8  17.0
    43  1992     2 14895  24.0  35.5  2.38   0.9   0.0
    43  1992     3 14017  23.5  33.0  2.39   0.8   3.0
    43  1992     4 11674  25.5  32.5  2.41   0.9   0.0
    43  1992     5 11967  24.5  33.5  2.11   0.6  76.0
    43  1992     6 11046  24.0  30.5  2.44   0.5  24.0
    43  1992     7 14310  25.5  34.0  2.70   0.9   0.0
    43  1992     8 14895  25.0  33.5  2.75   0.9   0.0
    43  1992     9 13431  23.0  35.5  2.74   1.1   0.0
    43  1992    10 15188  24.5  33.5  2.24   1.1  43.0
    43  1992    11 15481  23.5  32.5  2.31   1.0   7.0
    43  1992    12 14017  24.0  31.0  2.20   1.1   0.0
    43  1992    13  8075  24.5  32.5  2.48   1.1   0.0
    43  1992    14  9874  25.5  33.5  2.28   1.0   0.0
    43  1992    15 12259  24.5  34.0  2.33   1.0   0.0
    43  1992    16 14017  23.0  33.5  1.93   1.0   0.0
    43  1992    17 12845  24.5  33.0  2.67   0.9   0.0
    43  1992    18 13724  24.0  31.5  2.02   1.0   0.0
    43  1992    19 14895  25.0  34.5  2.27   0.9   0.0
    43  1992    20 13724  25.5  32.5  2.67   1.0   0.0
    43  1992    21 15481  24.5  32.5  2.54   1.1  16.0
    43  1992    22 12259  23.5  31.5  2.51   1.0   0.0
    43  1992    23 14895  24.5  32.5  2.67   1.0  10.0
    43  1992    24 14603  24.5  33.5  2.36   1.2   0.0
    43  1992    25 12845  25.5  33.0  2.02   0.8   0.0
    43  1992    26 17280  23.5  29.5  1.88   0.9   0.0
    43  1992    27 15188  25.0  34.0  2.43   0.9   0.0
    43  1992    28 11967  23.5  32.5  2.51   1.0   0.0
    43  1992    29  9289  24.5  33.5  2.54   0.9  17.0
    43  1992    30 15523  24.5  32.5  2.54   1.0   2.0
    43  1992    31 11967  23.0  32.5  2.04   0.8   0.0
    43  1992    32 13138  25.5  33.0  3.19   0.8   0.0
    43  1992    33  9874  26.5  32.0  3.00   0.7   0.0
    43  1992    34 11674  28.0  33.5  3.40   1.1  68.0
    43  1992    35 15481  24.5  32.5  2.76   1.0   0.0
    43  1992    36 23222  22.5  32.5  2.36   0.9   0.0
    43  1992    37 15816  24.5  32.5  2.67   0.8   0.0
    43  1992    38 13431  24.5  33.5  2.79   0.9   0.0
    43  1992    39 12259  24.0  32.5  2.47   0.9   0.0
    43  1992    40 13431  24.0  32.5  2.68   0.7   0.0
    43  1992    41  5732  23.5  33.5  2.60   0.8  90.0
    43  1992    42 15188  23.5  34.0  2.39   0.8   0.0
    43  1992    43 10460  24.0  33.5  2.47   0.9   0.0
    43  1992    44  7280  24.5  34.0  3.00   0.9  24.0
    43  1992    45 14017  23.5  34.0  2.11   0.8   0.0
    43  1992    46 24142  23.5  33.0  2.60   0.7   1.0
    43  1992    47 19079  24.5  34.0  2.57   0.8  21.0
    43  1992    48 13138  23.5  32.0  2.83   1.1   0.0
    43  1992    49 16109  24.0  34.0  2.26   0.9   0.0
    43  1992    50 13431  25.0  33.0  3.09   1.0   0.0
    43  1992    51 14017  23.0  32.5  2.43   1.0   0.0
    43  1992    52 12259  23.0  33.0  2.52   1.1   5.0
    43  1992    53 14310  24.5  33.5  2.67   1.3  20.0
    43  1992    54 11046  25.5  32.5  2.93   0.8   0.0
    43  1992    55 13724  23.5  30.5  2.60   1.2   0.0
    43  1992    56 13138  24.5  33.5  3.00   1.2   0.0
    43  1992    57 11046  24.0  32.5  2.91   1.0   0.0
    43  1992    58 10460  23.5  34.5  2.60   0.8  13.0
    43  1992    59 14895  24.0  32.5  2.91   0.8  10.0
    43  1992    60 14603  24.5  34.0  2.54   0.8  25.0
    43  1992    61 14895  25.0  31.0  2.43   0.8   0.0
    43  1992    62 14603  24.5  33.5  2.54   1.0   0.0
    43  1992    63 15188  24.0  32.5  2.68   0.8   0.0
    43  1992    64 11046  25.0  33.0  2.62   1.0   0.0
    43  1992    65 12259  24.0  32.5  2.50   1.1   0.0
    43  1992    66 13431  24.5  34.0  2.54   0.7   0.0
    43  1992    67 14017  24.5  32.5  2.76   1.0   0.0
    43  1992    68 15816  24.0  33.5  2.47   0.8   0.0
    43  1992    69 14310  23.0  33.0  2.24   0.7  40.0
    43  1992    70 14017  23.0  32.0  2.24   0.9   0.0
    43  1992    71 17615  24.0  31.0  2.59   0.7  53.0
    43  1992    72 18787  24.0  32.0  2.20   0.7   0.0
    43  1992    73 17615  24.0  33.0  2.68   0.8   0.0
    43  1992    74 16402  24.0  32.0  2.38   0.7   4.0
    43  1992    75 16402  24.5  32.5  2.36   0.8  10.0
    43  1992    76 14310  24.0  31.0  2.68   0.7   0.0
    43  1992    77 12259  24.0  32.0  2.91   0.8  16.0
    43  1992    78 10753  24.5  33.0  2.67   0.7  22.0
    43  1992    79 12845  23.5  33.2  2.51   0.9   0.0
    43  1992    80 12845  23.0  33.0  2.52   0.8   0.0
    43  1992    81 16987  24.5  33.0  2.76   0.9   7.0
    43  1992    82  9874  24.5  33.0  2.67   0.8   0.0
    43  1992    83 15481  24.0  32.0  2.47   0.8  18.0
    43  1992    84 16987  25.5  33.0  2.83   0.9   0.0
    43  1992    85 14895  25.5  32.5  2.41   0.8   0.0
    43  1992    86 13138  24.0  33.0  2.68   1.1   5.0
    43  1992    87 16109  25.0  33.5  2.43   0.9   2.0
    43  1992    88 14017  25.0  32.5  2.40   0.9   0.0
    43  1992    89 14895  24.5  33.5  2.67   0.9   0.0
    43  1992    90 12845  24.5  34.5  2.57   0.9   0.0
    43  1992    91 12259  25.5  34.5  3.19   0.8  22.0
    43  1992    92 11967  24.5  24.5  2.54   0.8   6.0
    43  1992    93 12259  24.5  35.5  2.24   0.5   0.0
    43  1992    94 14017  25.0  36.0  2.27   0.7   0.0
    43  1992    95 15188  26.0  33.5  2.45   0.9   0.0
    43  1992    96 19079  25.5  34.5  2.70   0.9   0.0
    43  1992    97 19665  24.5  33.0  2.67   0.7   0.0
    43  1992    98 12845  24.5  32.0  2.45   1.1   0.0
    43  1992    99 15188  24.0  34.0  2.17   0.8   0.0
    43  1992   100 18075  23.5  32.5  1.93   0.8   0.0
    43  1992   101 11339  25.5  33.5  2.44   0.9  36.0
    43  1992   102 14310  25.5  32.5  2.70   0.8   0.0
    43  1992   103 14310  24.5  33.5  2.33   0.9   0.0
    43  1992   104 13724  24.5  34.0  2.36   0.8   0.0
    43  1992   105 12845  25.5  34.0  1.89   0.8   8.0
    43  1992   106 12552  26.5  33.5  3.00   0.9   0.0
    43  1992   107 11339  25.5  34.5  2.15   0.9   0.0
    43  1992   108 18201  24.0  36.0  2.26   0.8   0.0
    43  1992   109 16402  24.0  35.5  2.41   1.0   0.0
    43  1992   110 16695  25.5  34.5  2.51   0.9   0.0
    43  1992   111 14603  26.5  33.5  2.35   1.1   0.0
    43  1992   112 14310  26.5  32.5  2.62   1.0   4.0
    43  1992   113 17908  24.5  34.5  2.48   0.8  11.0
    43  1992   114 20879  24.5  31.0  2.45   1.0   0.0
    43  1992   115 14310  25.0  35.5  3.09   0.8  19.0
    43  1992   116 15816  24.5  34.3  3.00   1.2   0.0
    43  1992   117 16402  25.0  35.0  2.75   1.2   1.0
    43  1992   118 11674  24.0  35.0  2.38   1.0   0.0
    43  1992   119 13724  24.5  33.0  2.45   0.9   0.0
    43  1992   120 17908  24.5  33.5  2.27   0.9   0.0
    43  1992   121 19372  24.0  32.2  2.20   0.8   0.0
    43  1992   122 21757  24.5  32.5  2.57   1.0   0.0
    43  1992   123 22050  24.0  31.5  2.68   1.1   0.0
    43  1992   124 22050  25.5  33.5  2.70   1.0   0.0
    43  1992   125 19372  23.5  33.0  2.51   1.0   0.0
    43  1992   126 19372  24.5  33.0  2.67   1.2   0.0
    43  1992   127 19665  24.5  32.5  2.88   1.0   0.0
    43  1992   128 21757  26.0  31.0  2.92   1.0   0.0
    43  1992   129  9289  25.5  32.0  3.12   1.0   0.0
    43  1992   130 18787  25.5  32.1  2.70   0.8   0.0
    43  1992   131 18787  26.0  33.5  2.92   1.0   0.0
    43  1992   132 22636  24.4  30.0  2.65   0.8   0.0
    43  1992   133 18787  24.8  32.5  2.93   0.7   0.0
    43  1992   134 22050  24.1  32.5  2.60   0.7   0.0
    43  1992   135 15774  25.5  33.8  2.64   0.7   0.0
    43  1992   136 19372  25.5  32.2  2.28   1.0   0.0
    43  1992   137 12259  25.5  32.2  2.60   0.6   0.0
    43  1992   138 19498  24.5  33.5  2.36   0.7   0.0
    43  1992   139 16402  24.0  32.0  2.68   0.8   0.0
    43  1992   140 15188  23.5  32.5  2.83   0.8   0.0
    43  1992   141 18201  23.2  32.5  2.66   0.8   0.0
    43  1992   142 21757  24.5  33.0  2.76   0.8   0.0
    43  1992   143 21172  24.0  32.0  2.50   0.9   0.0
    43  1992   144 21757  24.5  31.5  2.76   1.0   0.0
    43  1992   145 20586  24.0  32.0  2.91   0.9   2.0
    43  1992   146 22050  24.5  33.0  3.00   0.9   0.0
    43  1992   147 20586  24.0  32.5  2.68   0.8  91.0
    43  1992   148 16402  24.3  32.4  2.72   0.8   0.0
    43  1992   149 12259  25.5  33.1  2.93   0.8  27.0
    43  1992   150  9874  26.5  33.0  2.76   0.9   0.0
    43  1992   151 21172  25.2  33.0  2.78   0.9   0.0
    43  1992   152 21757  24.0  33.0  2.47   1.0   0.0
    43  1992   153 19372  24.0  32.0  2.59   1.1  28.0
    43  1992   154 11674  23.5  32.0  2.60   1.1   0.0
    43  1992   155 23515  24.0  31.0  2.59   1.2   0.0
    43  1992   156 19958  23.0  31.5  2.63   1.1   0.0
    43  1992   157 18787  24.0  31.5  2.68   1.2   0.0
    43  1992   158 18787  24.0  32.5  2.68   1.2  27.0
    43  1992   159 15816  24.5  31.5  2.76   1.3   0.0
    43  1992   160 15816  23.0  32.5  2.52   1.1   8.0
    43  1992   161 16402  24.0  32.0  2.91   1.2   0.0
    43  1992   162 15188  23.5  32.0  2.54   1.1   0.0
    43  1992   163 16402  23.0  32.5  2.52   1.0   0.0
    43  1992   164 15816  24.0  33.0  2.59   1.3   0.0
    43  1992   165 21172  23.0  32.5  2.32   1.3   0.0
    43  1992   166 19958  23.0  33.0  2.52   1.3   0.0
    43  1992   167 21464  22.5  32.5  2.33   1.3   0.0
    43  1992   168 21172  23.5  32.5  2.60   1.1   0.0
    43  1992   169 23515  21.5  32.5  2.50   1.2   0.0
    43  1992   170 21172  23.0  32.5  2.43   1.2   0.0
    43  1992   171 15188  22.0  32.5  2.47   1.2   0.0
    43  1992   172 16987  22.5  32.5  2.66   1.2   0.0
    43  1992   173 18201  21.0  33.5  2.23   1.2   0.0
    43  1992   174 19372  22.0  32.0  2.37   1.1   0.0
    43  1992   175 11674  21.0  32.5  2.23   1.4   0.0
    43  1992   176 21172  21.5  32.5  2.22   1.4   0.0
    43  1992   177 19958  21.5  33.0  2.50   1.4   0.0
    43  1992   178 21172  20.0  33.0  1.93   1.4   0.0
    43  1992   179 21757  20.0  32.0  2.00   1.3   0.0
    43  1992   180 17615  21.0  32.5  2.20   1.4   0.0
    43  1992   181 16402  21.5  33.0  1.86   1.4   0.0
    43  1992   182 16987  22.5  33.0  2.33   1.5   0.0
    43  1992   183 17592  20.8  33.0  2.03   1.4   0.0
    43  1992   184 18779  22.5  32.5  2.44   1.4   1.0
    43  1992   185 21154  20.5  33.0  2.09   1.2   0.0
    43  1992   186 14623  21.5  32.5  2.50   1.2   0.0
    43  1992   187 15217  20.5  34.0  1.99   1.2   0.0
    43  1992   188 14623  21.5  32.5  2.30   1.6   0.0
    43  1992   189 17592  20.5  33.0  2.16   1.5   0.0
    43  1992   190 15811  21.5  32.5  2.22   1.6   0.0
    43  1992   191 19373  21.0  32.0  2.15   1.4   0.0
    43  1992   192 15811  20.0  31.5  2.00   1.7   0.0
    43  1992   193 17592  21.5  34.0  2.20   1.6   0.0
    43  1992   194 17592  20.5  33.5  2.16   1.5   0.0
    43  1992   195 18185  22.0  32.5  2.58   1.5   0.0
    43  1992   196 15811  21.0  33.0  2.15   1.3   0.0
    43  1992   197 19373  21.0  32.0  1.86   1.4   0.0
    43  1992   198 17592  20.5  33.0  1.90   1.7   0.0
    43  1992   199 19967  20.5  32.0  1.63   1.5   0.0
    43  1992   200 17592  20.0  33.5  1.93   1.5   0.0
    43  1992   201 14029  20.0  32.5  2.28   1.3   0.0
    43  1992   202 21154  21.0  33.0  2.06   1.3   0.0
    43  1992   203 21154  20.0  34.5  1.91   1.3   0.0
    43  1992   204 18779  21.0  34.0  2.13   1.4   0.0
    43  1992   205 18779  22.0  33.5  2.05   1.4   0.0
    43  1992   206 18185  22.0  32.5  1.79   1.4   0.0
    43  1992   207 14029  21.0  32.5  2.13   1.5   0.0
    43  1992   208 16404  22.0  32.0  2.16   1.6   0.0
    43  1992   209 15217  20.0  33.0  1.93   1.4   0.0
    43  1992   210 18779  22.0  33.0  2.29   1.7   0.0
    43  1992   211 19967  21.5  34.0  2.04   1.5   0.0
    43  1992   212 18779  20.5  34.0  2.16   1.8   0.0
    43  1992   213 14029  21.5  33.5  2.12   1.9   0.0
    43  1992   214 15217  21.5  33.0  2.12   1.6   0.0
    43  1992   215 18779  22.5  32.5  1.87   1.5   0.0
    43  1992   216 19729  22.5  33.5  2.25   1.9   0.0
    43  1992   217 19373  24.0  33.0  2.38   1.8   0.0
    43  1992   218 18779  24.5  33.2  2.42   1.9   0.0
    43  1992   219 18779  21.5  33.5  2.20   1.7   0.0
    43  1992   220 18779  21.5  32.0  2.12   2.1   0.0
    43  1992   221 18660  24.0  32.0  2.05   1.6   0.0
    43  1992   222 17592  21.0  33.0  1.88   1.9   0.0
    43  1992   223 18779  20.5  34.0  1.90   1.8   0.0
    43  1992   224 18898  20.5  34.0  1.80   1.6   0.0
    43  1992   225 17948  19.5  34.0  1.78   2.0   0.0
    43  1992   226 17592  19.5  34.0  1.94   1.7   0.0
    43  1992   227 19373  22.0  33.0  1.97   1.9   0.0
    43  1992   228 18779  21.5  34.0  1.92   1.9   0.0
    43  1992   229 16404  21.0  33.0  2.23   1.7   0.0
    43  1992   230 16998  22.0  32.0  2.45   2.0   0.0
    43  1992   231 18779  20.0  34.0  1.93   1.8   0.0
    43  1992   232 18779  19.0  34.5  1.75   1.7   0.0
    43  1992   233 19967  20.0  32.0  1.58   1.8   0.0
    43  1992   234 18660  23.0  32.5  1.74   2.0   0.0
    43  1992   235 21035  23.0  33.5  2.13   2.1   0.0
    43  1992   236 14029  22.5  33.5  2.44   1.9   4.0
    43  1992   237 19967  22.8  31.5  2.21   2.1   8.0
    43  1992   238 12842  23.0  31.5  2.04   1.8   0.0
    43  1992   239 19967  23.5  31.5  2.60   2.0   0.0
    43  1992   240 18185  23.5  32.0  2.60   2.1   0.0
    43  1992   241 18779  23.2  32.5  2.55   1.8   0.0
    43  1992   242 18423  23.0  32.5  2.24   1.7   0.0
    43  1992   243 18779  23.0  32.0  2.04   1.8   2.0
    43  1992   244 12248  24.0  32.5  2.59   1.8   0.0
    43  1992   245 18779  22.5  32.5  2.25   1.9  58.0
    43  1992   246 16404  23.0  32.5  2.13   1.8   0.0
    43  1992   247 18779  22.5  32.5  2.25   1.9   7.0
    43  1992   248 19967  22.0  31.5  2.37   2.1   0.0
    43  1992   249 18779  22.5  31.5  2.55   1.9   0.0
    43  1992   250 14029  22.5  35.5  1.98   2.0   5.0
    43  1992   251 22342  23.0  31.5  2.43   2.3   0.0
    43  1992   252 17592  23.0  31.5  2.32   2.0   0.0
    43  1992   253 16404  23.0  31.5  2.13   1.8   0.0
    43  1992   254 21154  23.0  31.5  2.43   2.5   0.0
    43  1992   255 23529  22.0  33.0  2.29   2.5   0.0
    43  1992   256 17592  23.0  34.0  2.52   2.4   0.0
    43  1992   257 18779  22.0  33.0  2.37   2.2   0.0
    43  1992   258 22342  21.0  33.0  2.06   1.9  10.0
    43  1992   259 23529  23.0  32.0  2.32   1.9   0.0
    43  1992   260 22342  22.0  33.0  2.03   1.6   0.0
    43  1992   261 24716  22.5  34.5  2.17   1.8   0.0
    43  1992   262 23529  22.5  34.5  2.66   2.0   0.0
    43  1992   263 18779  22.0  34.5  2.19   1.8   0.0
    43  1992   264 22342  22.0  34.5  2.37   1.8   0.0
    43  1992   265 19967  22.5  33.0  2.36   2.0   0.0
    43  1992   266 21154  21.5  33.0  2.04   2.0   0.0
    43  1992   267 18185  23.0  33.5  2.15   1.8   0.0
    43  1992   268 19373  23.5  34.5  2.39   1.7   0.0
    43  1992   269 17592  22.5  34.5  2.66   1.5   0.0
    43  1992   270 20560  21.5  33.0  1.94   1.7   8.0
    43  1992   271 13436  22.0  32.5  2.37   1.8   0.0
    43  1992   272 19967  21.6  35.5  2.52   1.7   9.0
    43  1992   273 19967  23.0  34.0  2.43   1.7   8.0
    43  1992   274 22342  24.0  33.0  2.38   1.9   0.0
    43  1992   275 18779  22.0  34.0  2.19   1.9  13.0
    43  1992   276 18779  22.0  32.5  2.00   1.9   0.0
    43  1992   277 16404  21.5  33.5  2.12   1.8   1.0
    43  1992   278 19967  23.5  33.5  2.60   1.8   0.0
    43  1992   279 25904  22.0  34.0  2.19   1.8   0.0
    43  1992   280 19967  22.5  34.0  2.25   1.6   0.0
    43  1992   281 19967  21.5  34.0  2.12   1.4   0.0
    43  1992   282 17592  22.0  33.0  1.82   1.6   0.0
    43  1992   283 16404  22.0  33.5  2.19   1.6   0.0
    43  1992   284 18779  23.5  33.0  2.19   1.7   0.0
    43  1992   285 18779  23.5  33.0  2.19   1.7   0.0
    43  1992   286 16404  22.5  34.0  2.25   1.9   0.0
    43  1992   287 18779  24.0  34.5  2.26   1.7   3.0
    43  1992   288 17592  24.0  34.0  2.47   1.7   0.0
    43  1992   289 15217  24.0  33.0  2.47   1.6   8.0
    43  1992   290 17592  24.5  33.0  2.76   1.5  24.0
    43  1992   291 16404  24.0  34.0  2.91   1.4   0.0
    43  1992   292 18779  24.0  33.0  2.26   1.6   0.0
    43  1992   293 18779  24.0  33.5  1.90   1.4   0.0
    43  1992   294 18779  23.5  33.0  2.22   1.2   0.0
    43  1992   295 16404  24.0  33.0  2.47   1.7   0.0
    43  1992   296 17592  23.0  34.5  2.24   1.5   8.0
    43  1992   297 18779  23.0  34.0  2.13   1.4   0.0
    43  1992   298 19967  23.0  34.0  2.15   1.6  17.0
    43  1992   299 17829  22.0  33.0  2.29   1.2  38.0
    43  1992   300 17592  22.0  33.0  2.00   1.8   0.0
    43  1992   301 15217  21.5  31.5  1.76   2.0   0.0
    43  1992   302 18779  22.0  31.0  2.19   1.4   0.0
    43  1992   303 18779  23.5  33.0  2.60   1.5   0.0
    43  1992   304  6905  22.0  33.0  2.37   1.5  18.0
    43  1992   305 15217  22.5  29.0  1.98   1.3  11.0
    43  1992   306 14029  23.0  34.0  2.24   1.3   7.0
    43  1992   307 10467  22.5  31.0  2.25   1.3   0.0
    43  1992   308 24716  24.0  30.0  2.68   1.4   0.0
    43  1992   309 18779  20.0  32.0  1.93   1.3  40.0
    43  1992   310 18779  24.0  33.5  2.20   1.3   0.0
    43  1992   311 18779  24.0  32.0  2.68   1.1   0.0
    43  1992   312 16998  23.0  32.0  2.43   1.2   5.0
    43  1992   313 10467  23.0  32.0  2.52   1.2   0.0
    43  1992   314 11654  24.0  33.0  2.59   1.4   0.0
    43  1992   315 24716  23.0  31.0  2.52   1.5   4.0
    43  1992   316 14029  23.5  31.5  2.31   1.3   0.0
    43  1992   317 15217  24.0  32.5  2.47   1.2   0.0
    43  1992   318 19967  24.0  34.5  2.68   1.2  11.0
    43  1992   319 14029  24.0  33.0  2.68   1.1   6.0
    43  1992   320 14029  23.0  33.0  2.32   1.2   6.0
    43  1992   321 14029  23.0  32.5  2.32   1.3   0.0
    43  1992   322 21154  24.5  31.5  2.42   1.0  36.0
    43  1992   323 25904  22.5  32.5  2.44   1.2  11.0
    43  1992   324 14029  23.5  32.0  2.60   1.3   4.0
    43  1992   325 19967  24.0  32.0  2.47   1.0   7.0
    43  1992   326 18779  24.0  32.0  2.26   0.9  24.0
    43  1992   327 19967  24.0  32.5  2.47   1.0   0.0
    43  1992   328 19967  23.0  33.0  2.24   1.2   6.0
    43  1992   329 18779  23.0  32.5  2.43   1.7   3.0
    43  1992   330 22342  23.5  33.5  2.19   1.2   0.0
    43  1992   331 21154  23.5  33.5  2.19   1.0   0.0
    43  1992   332 17592  22.5  32.5  2.06   0.9   0.0
    43  1992   333 17592  22.5  32.5  2.25   0.8   0.0
    43  1992   334 19967  23.0  33.5  2.13   0.7   5.0
    43  1992   335 18779  22.0  33.5  2.19   0.9  29.0
    43  1992   336 17592  23.5  33.5  2.60   0.9  16.0
    43  1992   337 22342  24.0  32.0  2.47   0.9   0.0
    43  1992   338 21154  23.5  29.0  2.60   1.1  18.0
    43  1992   339 11654  24.5  29.0  2.76   1.1  32.0
    43  1992   340 14029  23.5  30.0  2.60   1.0   1.0
    43  1992   341 25904  24.0  30.0  2.26   0.9  16.0
    43  1992   342 23529  23.0  32.0  2.52   0.8   0.0
    43  1992   343 23529  23.5  32.0  2.39   0.8   0.0
    43  1992   344 14029  24.5  31.0  2.54   1.1   0.0
    43  1992   345 23529  25.0  31.0  2.84   0.9   0.0
    43  1992   346 11654  24.0  32.0  2.59   0.9   3.0
    43  1992   347  9280  24.0  31.0  2.47   0.8  15.0
    43  1992   348 10467  23.5  32.0  2.39   0.8  10.0
    43  1992   349 14029  23.0  31.0  2.32   0.8   0.0
    43  1992   350 14278  24.0  31.5  2.47   0.7   0.0
    43  1992   351  3342  23.0  32.0  2.52   0.8 135.0
    43  1992   352 10467  23.5  31.0  2.39   1.1  18.0
    43  1992   353  9280  25.0  31.5  2.62   1.1   0.0
    43  1992   354 10467  24.5  33.0  2.54   0.9   2.0
    43  1992   355 18779  23.5  32.0  2.39   0.7   0.0
    43  1992   356 14029  23.0  34.0  2.13   0.7   0.0
    43  1992   357 12842  23.0  32.0  2.24   0.7   0.0
    43  1992   358 12842  24.0  33.0  2.26   0.7   0.0
    43  1992   359 14029  23.0  31.0  2.52   0.9   0.0
    43  1992   360  8092  24.0  31.0  2.47   0.8   0.0
    43  1992   361 16404  24.5  32.0  2.76   0.9   0.0
    43  1992   362 25904  23.5  30.0  2.39   0.7   0.0
    43  1992   363 12248  23.5  30.0  2.39   0.9   0.0
    43  1992   364  3936  23.0  32.5  2.63   0.7  31.0
    43  1992   365 14623  23.5  30.5  2.71   0.8   0.0
    43  1992   366  1561  23.0  30.0  2.32   1.1   0.0
";}}s:13:"result_object";a:1:{i:0;O:8:"stdClass":9:{s:2:"id";s:1:"8";s:7:"country";s:9:"Indonesia";s:12:"station_code";s:2:"43";s:12:"country_code";s:4:"indo";s:13:"site_latitude";s:6:"111.17";s:14:"site_longitude";s:4:"6.75";s:13:"site_altitude";s:3:"7.0";s:4:"year";s:4:"1992";s:4:"data";s:20532:"111.17   6.75    7.0   0.00   0.00
    43  1992     1 13724  24.5  33.5  1.96   0.8  17.0
    43  1992     2 14895  24.0  35.5  2.38   0.9   0.0
    43  1992     3 14017  23.5  33.0  2.39   0.8   3.0
    43  1992     4 11674  25.5  32.5  2.41   0.9   0.0
    43  1992     5 11967  24.5  33.5  2.11   0.6  76.0
    43  1992     6 11046  24.0  30.5  2.44   0.5  24.0
    43  1992     7 14310  25.5  34.0  2.70   0.9   0.0
    43  1992     8 14895  25.0  33.5  2.75   0.9   0.0
    43  1992     9 13431  23.0  35.5  2.74   1.1   0.0
    43  1992    10 15188  24.5  33.5  2.24   1.1  43.0
    43  1992    11 15481  23.5  32.5  2.31   1.0   7.0
    43  1992    12 14017  24.0  31.0  2.20   1.1   0.0
    43  1992    13  8075  24.5  32.5  2.48   1.1   0.0
    43  1992    14  9874  25.5  33.5  2.28   1.0   0.0
    43  1992    15 12259  24.5  34.0  2.33   1.0   0.0
    43  1992    16 14017  23.0  33.5  1.93   1.0   0.0
    43  1992    17 12845  24.5  33.0  2.67   0.9   0.0
    43  1992    18 13724  24.0  31.5  2.02   1.0   0.0
    43  1992    19 14895  25.0  34.5  2.27   0.9   0.0
    43  1992    20 13724  25.5  32.5  2.67   1.0   0.0
    43  1992    21 15481  24.5  32.5  2.54   1.1  16.0
    43  1992    22 12259  23.5  31.5  2.51   1.0   0.0
    43  1992    23 14895  24.5  32.5  2.67   1.0  10.0
    43  1992    24 14603  24.5  33.5  2.36   1.2   0.0
    43  1992    25 12845  25.5  33.0  2.02   0.8   0.0
    43  1992    26 17280  23.5  29.5  1.88   0.9   0.0
    43  1992    27 15188  25.0  34.0  2.43   0.9   0.0
    43  1992    28 11967  23.5  32.5  2.51   1.0   0.0
    43  1992    29  9289  24.5  33.5  2.54   0.9  17.0
    43  1992    30 15523  24.5  32.5  2.54   1.0   2.0
    43  1992    31 11967  23.0  32.5  2.04   0.8   0.0
    43  1992    32 13138  25.5  33.0  3.19   0.8   0.0
    43  1992    33  9874  26.5  32.0  3.00   0.7   0.0
    43  1992    34 11674  28.0  33.5  3.40   1.1  68.0
    43  1992    35 15481  24.5  32.5  2.76   1.0   0.0
    43  1992    36 23222  22.5  32.5  2.36   0.9   0.0
    43  1992    37 15816  24.5  32.5  2.67   0.8   0.0
    43  1992    38 13431  24.5  33.5  2.79   0.9   0.0
    43  1992    39 12259  24.0  32.5  2.47   0.9   0.0
    43  1992    40 13431  24.0  32.5  2.68   0.7   0.0
    43  1992    41  5732  23.5  33.5  2.60   0.8  90.0
    43  1992    42 15188  23.5  34.0  2.39   0.8   0.0
    43  1992    43 10460  24.0  33.5  2.47   0.9   0.0
    43  1992    44  7280  24.5  34.0  3.00   0.9  24.0
    43  1992    45 14017  23.5  34.0  2.11   0.8   0.0
    43  1992    46 24142  23.5  33.0  2.60   0.7   1.0
    43  1992    47 19079  24.5  34.0  2.57   0.8  21.0
    43  1992    48 13138  23.5  32.0  2.83   1.1   0.0
    43  1992    49 16109  24.0  34.0  2.26   0.9   0.0
    43  1992    50 13431  25.0  33.0  3.09   1.0   0.0
    43  1992    51 14017  23.0  32.5  2.43   1.0   0.0
    43  1992    52 12259  23.0  33.0  2.52   1.1   5.0
    43  1992    53 14310  24.5  33.5  2.67   1.3  20.0
    43  1992    54 11046  25.5  32.5  2.93   0.8   0.0
    43  1992    55 13724  23.5  30.5  2.60   1.2   0.0
    43  1992    56 13138  24.5  33.5  3.00   1.2   0.0
    43  1992    57 11046  24.0  32.5  2.91   1.0   0.0
    43  1992    58 10460  23.5  34.5  2.60   0.8  13.0
    43  1992    59 14895  24.0  32.5  2.91   0.8  10.0
    43  1992    60 14603  24.5  34.0  2.54   0.8  25.0
    43  1992    61 14895  25.0  31.0  2.43   0.8   0.0
    43  1992    62 14603  24.5  33.5  2.54   1.0   0.0
    43  1992    63 15188  24.0  32.5  2.68   0.8   0.0
    43  1992    64 11046  25.0  33.0  2.62   1.0   0.0
    43  1992    65 12259  24.0  32.5  2.50   1.1   0.0
    43  1992    66 13431  24.5  34.0  2.54   0.7   0.0
    43  1992    67 14017  24.5  32.5  2.76   1.0   0.0
    43  1992    68 15816  24.0  33.5  2.47   0.8   0.0
    43  1992    69 14310  23.0  33.0  2.24   0.7  40.0
    43  1992    70 14017  23.0  32.0  2.24   0.9   0.0
    43  1992    71 17615  24.0  31.0  2.59   0.7  53.0
    43  1992    72 18787  24.0  32.0  2.20   0.7   0.0
    43  1992    73 17615  24.0  33.0  2.68   0.8   0.0
    43  1992    74 16402  24.0  32.0  2.38   0.7   4.0
    43  1992    75 16402  24.5  32.5  2.36   0.8  10.0
    43  1992    76 14310  24.0  31.0  2.68   0.7   0.0
    43  1992    77 12259  24.0  32.0  2.91   0.8  16.0
    43  1992    78 10753  24.5  33.0  2.67   0.7  22.0
    43  1992    79 12845  23.5  33.2  2.51   0.9   0.0
    43  1992    80 12845  23.0  33.0  2.52   0.8   0.0
    43  1992    81 16987  24.5  33.0  2.76   0.9   7.0
    43  1992    82  9874  24.5  33.0  2.67   0.8   0.0
    43  1992    83 15481  24.0  32.0  2.47   0.8  18.0
    43  1992    84 16987  25.5  33.0  2.83   0.9   0.0
    43  1992    85 14895  25.5  32.5  2.41   0.8   0.0
    43  1992    86 13138  24.0  33.0  2.68   1.1   5.0
    43  1992    87 16109  25.0  33.5  2.43   0.9   2.0
    43  1992    88 14017  25.0  32.5  2.40   0.9   0.0
    43  1992    89 14895  24.5  33.5  2.67   0.9   0.0
    43  1992    90 12845  24.5  34.5  2.57   0.9   0.0
    43  1992    91 12259  25.5  34.5  3.19   0.8  22.0
    43  1992    92 11967  24.5  24.5  2.54   0.8   6.0
    43  1992    93 12259  24.5  35.5  2.24   0.5   0.0
    43  1992    94 14017  25.0  36.0  2.27   0.7   0.0
    43  1992    95 15188  26.0  33.5  2.45   0.9   0.0
    43  1992    96 19079  25.5  34.5  2.70   0.9   0.0
    43  1992    97 19665  24.5  33.0  2.67   0.7   0.0
    43  1992    98 12845  24.5  32.0  2.45   1.1   0.0
    43  1992    99 15188  24.0  34.0  2.17   0.8   0.0
    43  1992   100 18075  23.5  32.5  1.93   0.8   0.0
    43  1992   101 11339  25.5  33.5  2.44   0.9  36.0
    43  1992   102 14310  25.5  32.5  2.70   0.8   0.0
    43  1992   103 14310  24.5  33.5  2.33   0.9   0.0
    43  1992   104 13724  24.5  34.0  2.36   0.8   0.0
    43  1992   105 12845  25.5  34.0  1.89   0.8   8.0
    43  1992   106 12552  26.5  33.5  3.00   0.9   0.0
    43  1992   107 11339  25.5  34.5  2.15   0.9   0.0
    43  1992   108 18201  24.0  36.0  2.26   0.8   0.0
    43  1992   109 16402  24.0  35.5  2.41   1.0   0.0
    43  1992   110 16695  25.5  34.5  2.51   0.9   0.0
    43  1992   111 14603  26.5  33.5  2.35   1.1   0.0
    43  1992   112 14310  26.5  32.5  2.62   1.0   4.0
    43  1992   113 17908  24.5  34.5  2.48   0.8  11.0
    43  1992   114 20879  24.5  31.0  2.45   1.0   0.0
    43  1992   115 14310  25.0  35.5  3.09   0.8  19.0
    43  1992   116 15816  24.5  34.3  3.00   1.2   0.0
    43  1992   117 16402  25.0  35.0  2.75   1.2   1.0
    43  1992   118 11674  24.0  35.0  2.38   1.0   0.0
    43  1992   119 13724  24.5  33.0  2.45   0.9   0.0
    43  1992   120 17908  24.5  33.5  2.27   0.9   0.0
    43  1992   121 19372  24.0  32.2  2.20   0.8   0.0
    43  1992   122 21757  24.5  32.5  2.57   1.0   0.0
    43  1992   123 22050  24.0  31.5  2.68   1.1   0.0
    43  1992   124 22050  25.5  33.5  2.70   1.0   0.0
    43  1992   125 19372  23.5  33.0  2.51   1.0   0.0
    43  1992   126 19372  24.5  33.0  2.67   1.2   0.0
    43  1992   127 19665  24.5  32.5  2.88   1.0   0.0
    43  1992   128 21757  26.0  31.0  2.92   1.0   0.0
    43  1992   129  9289  25.5  32.0  3.12   1.0   0.0
    43  1992   130 18787  25.5  32.1  2.70   0.8   0.0
    43  1992   131 18787  26.0  33.5  2.92   1.0   0.0
    43  1992   132 22636  24.4  30.0  2.65   0.8   0.0
    43  1992   133 18787  24.8  32.5  2.93   0.7   0.0
    43  1992   134 22050  24.1  32.5  2.60   0.7   0.0
    43  1992   135 15774  25.5  33.8  2.64   0.7   0.0
    43  1992   136 19372  25.5  32.2  2.28   1.0   0.0
    43  1992   137 12259  25.5  32.2  2.60   0.6   0.0
    43  1992   138 19498  24.5  33.5  2.36   0.7   0.0
    43  1992   139 16402  24.0  32.0  2.68   0.8   0.0
    43  1992   140 15188  23.5  32.5  2.83   0.8   0.0
    43  1992   141 18201  23.2  32.5  2.66   0.8   0.0
    43  1992   142 21757  24.5  33.0  2.76   0.8   0.0
    43  1992   143 21172  24.0  32.0  2.50   0.9   0.0
    43  1992   144 21757  24.5  31.5  2.76   1.0   0.0
    43  1992   145 20586  24.0  32.0  2.91   0.9   2.0
    43  1992   146 22050  24.5  33.0  3.00   0.9   0.0
    43  1992   147 20586  24.0  32.5  2.68   0.8  91.0
    43  1992   148 16402  24.3  32.4  2.72   0.8   0.0
    43  1992   149 12259  25.5  33.1  2.93   0.8  27.0
    43  1992   150  9874  26.5  33.0  2.76   0.9   0.0
    43  1992   151 21172  25.2  33.0  2.78   0.9   0.0
    43  1992   152 21757  24.0  33.0  2.47   1.0   0.0
    43  1992   153 19372  24.0  32.0  2.59   1.1  28.0
    43  1992   154 11674  23.5  32.0  2.60   1.1   0.0
    43  1992   155 23515  24.0  31.0  2.59   1.2   0.0
    43  1992   156 19958  23.0  31.5  2.63   1.1   0.0
    43  1992   157 18787  24.0  31.5  2.68   1.2   0.0
    43  1992   158 18787  24.0  32.5  2.68   1.2  27.0
    43  1992   159 15816  24.5  31.5  2.76   1.3   0.0
    43  1992   160 15816  23.0  32.5  2.52   1.1   8.0
    43  1992   161 16402  24.0  32.0  2.91   1.2   0.0
    43  1992   162 15188  23.5  32.0  2.54   1.1   0.0
    43  1992   163 16402  23.0  32.5  2.52   1.0   0.0
    43  1992   164 15816  24.0  33.0  2.59   1.3   0.0
    43  1992   165 21172  23.0  32.5  2.32   1.3   0.0
    43  1992   166 19958  23.0  33.0  2.52   1.3   0.0
    43  1992   167 21464  22.5  32.5  2.33   1.3   0.0
    43  1992   168 21172  23.5  32.5  2.60   1.1   0.0
    43  1992   169 23515  21.5  32.5  2.50   1.2   0.0
    43  1992   170 21172  23.0  32.5  2.43   1.2   0.0
    43  1992   171 15188  22.0  32.5  2.47   1.2   0.0
    43  1992   172 16987  22.5  32.5  2.66   1.2   0.0
    43  1992   173 18201  21.0  33.5  2.23   1.2   0.0
    43  1992   174 19372  22.0  32.0  2.37   1.1   0.0
    43  1992   175 11674  21.0  32.5  2.23   1.4   0.0
    43  1992   176 21172  21.5  32.5  2.22   1.4   0.0
    43  1992   177 19958  21.5  33.0  2.50   1.4   0.0
    43  1992   178 21172  20.0  33.0  1.93   1.4   0.0
    43  1992   179 21757  20.0  32.0  2.00   1.3   0.0
    43  1992   180 17615  21.0  32.5  2.20   1.4   0.0
    43  1992   181 16402  21.5  33.0  1.86   1.4   0.0
    43  1992   182 16987  22.5  33.0  2.33   1.5   0.0
    43  1992   183 17592  20.8  33.0  2.03   1.4   0.0
    43  1992   184 18779  22.5  32.5  2.44   1.4   1.0
    43  1992   185 21154  20.5  33.0  2.09   1.2   0.0
    43  1992   186 14623  21.5  32.5  2.50   1.2   0.0
    43  1992   187 15217  20.5  34.0  1.99   1.2   0.0
    43  1992   188 14623  21.5  32.5  2.30   1.6   0.0
    43  1992   189 17592  20.5  33.0  2.16   1.5   0.0
    43  1992   190 15811  21.5  32.5  2.22   1.6   0.0
    43  1992   191 19373  21.0  32.0  2.15   1.4   0.0
    43  1992   192 15811  20.0  31.5  2.00   1.7   0.0
    43  1992   193 17592  21.5  34.0  2.20   1.6   0.0
    43  1992   194 17592  20.5  33.5  2.16   1.5   0.0
    43  1992   195 18185  22.0  32.5  2.58   1.5   0.0
    43  1992   196 15811  21.0  33.0  2.15   1.3   0.0
    43  1992   197 19373  21.0  32.0  1.86   1.4   0.0
    43  1992   198 17592  20.5  33.0  1.90   1.7   0.0
    43  1992   199 19967  20.5  32.0  1.63   1.5   0.0
    43  1992   200 17592  20.0  33.5  1.93   1.5   0.0
    43  1992   201 14029  20.0  32.5  2.28   1.3   0.0
    43  1992   202 21154  21.0  33.0  2.06   1.3   0.0
    43  1992   203 21154  20.0  34.5  1.91   1.3   0.0
    43  1992   204 18779  21.0  34.0  2.13   1.4   0.0
    43  1992   205 18779  22.0  33.5  2.05   1.4   0.0
    43  1992   206 18185  22.0  32.5  1.79   1.4   0.0
    43  1992   207 14029  21.0  32.5  2.13   1.5   0.0
    43  1992   208 16404  22.0  32.0  2.16   1.6   0.0
    43  1992   209 15217  20.0  33.0  1.93   1.4   0.0
    43  1992   210 18779  22.0  33.0  2.29   1.7   0.0
    43  1992   211 19967  21.5  34.0  2.04   1.5   0.0
    43  1992   212 18779  20.5  34.0  2.16   1.8   0.0
    43  1992   213 14029  21.5  33.5  2.12   1.9   0.0
    43  1992   214 15217  21.5  33.0  2.12   1.6   0.0
    43  1992   215 18779  22.5  32.5  1.87   1.5   0.0
    43  1992   216 19729  22.5  33.5  2.25   1.9   0.0
    43  1992   217 19373  24.0  33.0  2.38   1.8   0.0
    43  1992   218 18779  24.5  33.2  2.42   1.9   0.0
    43  1992   219 18779  21.5  33.5  2.20   1.7   0.0
    43  1992   220 18779  21.5  32.0  2.12   2.1   0.0
    43  1992   221 18660  24.0  32.0  2.05   1.6   0.0
    43  1992   222 17592  21.0  33.0  1.88   1.9   0.0
    43  1992   223 18779  20.5  34.0  1.90   1.8   0.0
    43  1992   224 18898  20.5  34.0  1.80   1.6   0.0
    43  1992   225 17948  19.5  34.0  1.78   2.0   0.0
    43  1992   226 17592  19.5  34.0  1.94   1.7   0.0
    43  1992   227 19373  22.0  33.0  1.97   1.9   0.0
    43  1992   228 18779  21.5  34.0  1.92   1.9   0.0
    43  1992   229 16404  21.0  33.0  2.23   1.7   0.0
    43  1992   230 16998  22.0  32.0  2.45   2.0   0.0
    43  1992   231 18779  20.0  34.0  1.93   1.8   0.0
    43  1992   232 18779  19.0  34.5  1.75   1.7   0.0
    43  1992   233 19967  20.0  32.0  1.58   1.8   0.0
    43  1992   234 18660  23.0  32.5  1.74   2.0   0.0
    43  1992   235 21035  23.0  33.5  2.13   2.1   0.0
    43  1992   236 14029  22.5  33.5  2.44   1.9   4.0
    43  1992   237 19967  22.8  31.5  2.21   2.1   8.0
    43  1992   238 12842  23.0  31.5  2.04   1.8   0.0
    43  1992   239 19967  23.5  31.5  2.60   2.0   0.0
    43  1992   240 18185  23.5  32.0  2.60   2.1   0.0
    43  1992   241 18779  23.2  32.5  2.55   1.8   0.0
    43  1992   242 18423  23.0  32.5  2.24   1.7   0.0
    43  1992   243 18779  23.0  32.0  2.04   1.8   2.0
    43  1992   244 12248  24.0  32.5  2.59   1.8   0.0
    43  1992   245 18779  22.5  32.5  2.25   1.9  58.0
    43  1992   246 16404  23.0  32.5  2.13   1.8   0.0
    43  1992   247 18779  22.5  32.5  2.25   1.9   7.0
    43  1992   248 19967  22.0  31.5  2.37   2.1   0.0
    43  1992   249 18779  22.5  31.5  2.55   1.9   0.0
    43  1992   250 14029  22.5  35.5  1.98   2.0   5.0
    43  1992   251 22342  23.0  31.5  2.43   2.3   0.0
    43  1992   252 17592  23.0  31.5  2.32   2.0   0.0
    43  1992   253 16404  23.0  31.5  2.13   1.8   0.0
    43  1992   254 21154  23.0  31.5  2.43   2.5   0.0
    43  1992   255 23529  22.0  33.0  2.29   2.5   0.0
    43  1992   256 17592  23.0  34.0  2.52   2.4   0.0
    43  1992   257 18779  22.0  33.0  2.37   2.2   0.0
    43  1992   258 22342  21.0  33.0  2.06   1.9  10.0
    43  1992   259 23529  23.0  32.0  2.32   1.9   0.0
    43  1992   260 22342  22.0  33.0  2.03   1.6   0.0
    43  1992   261 24716  22.5  34.5  2.17   1.8   0.0
    43  1992   262 23529  22.5  34.5  2.66   2.0   0.0
    43  1992   263 18779  22.0  34.5  2.19   1.8   0.0
    43  1992   264 22342  22.0  34.5  2.37   1.8   0.0
    43  1992   265 19967  22.5  33.0  2.36   2.0   0.0
    43  1992   266 21154  21.5  33.0  2.04   2.0   0.0
    43  1992   267 18185  23.0  33.5  2.15   1.8   0.0
    43  1992   268 19373  23.5  34.5  2.39   1.7   0.0
    43  1992   269 17592  22.5  34.5  2.66   1.5   0.0
    43  1992   270 20560  21.5  33.0  1.94   1.7   8.0
    43  1992   271 13436  22.0  32.5  2.37   1.8   0.0
    43  1992   272 19967  21.6  35.5  2.52   1.7   9.0
    43  1992   273 19967  23.0  34.0  2.43   1.7   8.0
    43  1992   274 22342  24.0  33.0  2.38   1.9   0.0
    43  1992   275 18779  22.0  34.0  2.19   1.9  13.0
    43  1992   276 18779  22.0  32.5  2.00   1.9   0.0
    43  1992   277 16404  21.5  33.5  2.12   1.8   1.0
    43  1992   278 19967  23.5  33.5  2.60   1.8   0.0
    43  1992   279 25904  22.0  34.0  2.19   1.8   0.0
    43  1992   280 19967  22.5  34.0  2.25   1.6   0.0
    43  1992   281 19967  21.5  34.0  2.12   1.4   0.0
    43  1992   282 17592  22.0  33.0  1.82   1.6   0.0
    43  1992   283 16404  22.0  33.5  2.19   1.6   0.0
    43  1992   284 18779  23.5  33.0  2.19   1.7   0.0
    43  1992   285 18779  23.5  33.0  2.19   1.7   0.0
    43  1992   286 16404  22.5  34.0  2.25   1.9   0.0
    43  1992   287 18779  24.0  34.5  2.26   1.7   3.0
    43  1992   288 17592  24.0  34.0  2.47   1.7   0.0
    43  1992   289 15217  24.0  33.0  2.47   1.6   8.0
    43  1992   290 17592  24.5  33.0  2.76   1.5  24.0
    43  1992   291 16404  24.0  34.0  2.91   1.4   0.0
    43  1992   292 18779  24.0  33.0  2.26   1.6   0.0
    43  1992   293 18779  24.0  33.5  1.90   1.4   0.0
    43  1992   294 18779  23.5  33.0  2.22   1.2   0.0
    43  1992   295 16404  24.0  33.0  2.47   1.7   0.0
    43  1992   296 17592  23.0  34.5  2.24   1.5   8.0
    43  1992   297 18779  23.0  34.0  2.13   1.4   0.0
    43  1992   298 19967  23.0  34.0  2.15   1.6  17.0
    43  1992   299 17829  22.0  33.0  2.29   1.2  38.0
    43  1992   300 17592  22.0  33.0  2.00   1.8   0.0
    43  1992   301 15217  21.5  31.5  1.76   2.0   0.0
    43  1992   302 18779  22.0  31.0  2.19   1.4   0.0
    43  1992   303 18779  23.5  33.0  2.60   1.5   0.0
    43  1992   304  6905  22.0  33.0  2.37   1.5  18.0
    43  1992   305 15217  22.5  29.0  1.98   1.3  11.0
    43  1992   306 14029  23.0  34.0  2.24   1.3   7.0
    43  1992   307 10467  22.5  31.0  2.25   1.3   0.0
    43  1992   308 24716  24.0  30.0  2.68   1.4   0.0
    43  1992   309 18779  20.0  32.0  1.93   1.3  40.0
    43  1992   310 18779  24.0  33.5  2.20   1.3   0.0
    43  1992   311 18779  24.0  32.0  2.68   1.1   0.0
    43  1992   312 16998  23.0  32.0  2.43   1.2   5.0
    43  1992   313 10467  23.0  32.0  2.52   1.2   0.0
    43  1992   314 11654  24.0  33.0  2.59   1.4   0.0
    43  1992   315 24716  23.0  31.0  2.52   1.5   4.0
    43  1992   316 14029  23.5  31.5  2.31   1.3   0.0
    43  1992   317 15217  24.0  32.5  2.47   1.2   0.0
    43  1992   318 19967  24.0  34.5  2.68   1.2  11.0
    43  1992   319 14029  24.0  33.0  2.68   1.1   6.0
    43  1992   320 14029  23.0  33.0  2.32   1.2   6.0
    43  1992   321 14029  23.0  32.5  2.32   1.3   0.0
    43  1992   322 21154  24.5  31.5  2.42   1.0  36.0
    43  1992   323 25904  22.5  32.5  2.44   1.2  11.0
    43  1992   324 14029  23.5  32.0  2.60   1.3   4.0
    43  1992   325 19967  24.0  32.0  2.47   1.0   7.0
    43  1992   326 18779  24.0  32.0  2.26   0.9  24.0
    43  1992   327 19967  24.0  32.5  2.47   1.0   0.0
    43  1992   328 19967  23.0  33.0  2.24   1.2   6.0
    43  1992   329 18779  23.0  32.5  2.43   1.7   3.0
    43  1992   330 22342  23.5  33.5  2.19   1.2   0.0
    43  1992   331 21154  23.5  33.5  2.19   1.0   0.0
    43  1992   332 17592  22.5  32.5  2.06   0.9   0.0
    43  1992   333 17592  22.5  32.5  2.25   0.8   0.0
    43  1992   334 19967  23.0  33.5  2.13   0.7   5.0
    43  1992   335 18779  22.0  33.5  2.19   0.9  29.0
    43  1992   336 17592  23.5  33.5  2.60   0.9  16.0
    43  1992   337 22342  24.0  32.0  2.47   0.9   0.0
    43  1992   338 21154  23.5  29.0  2.60   1.1  18.0
    43  1992   339 11654  24.5  29.0  2.76   1.1  32.0
    43  1992   340 14029  23.5  30.0  2.60   1.0   1.0
    43  1992   341 25904  24.0  30.0  2.26   0.9  16.0
    43  1992   342 23529  23.0  32.0  2.52   0.8   0.0
    43  1992   343 23529  23.5  32.0  2.39   0.8   0.0
    43  1992   344 14029  24.5  31.0  2.54   1.1   0.0
    43  1992   345 23529  25.0  31.0  2.84   0.9   0.0
    43  1992   346 11654  24.0  32.0  2.59   0.9   3.0
    43  1992   347  9280  24.0  31.0  2.47   0.8  15.0
    43  1992   348 10467  23.5  32.0  2.39   0.8  10.0
    43  1992   349 14029  23.0  31.0  2.32   0.8   0.0
    43  1992   350 14278  24.0  31.5  2.47   0.7   0.0
    43  1992   351  3342  23.0  32.0  2.52   0.8 135.0
    43  1992   352 10467  23.5  31.0  2.39   1.1  18.0
    43  1992   353  9280  25.0  31.5  2.62   1.1   0.0
    43  1992   354 10467  24.5  33.0  2.54   0.9   2.0
    43  1992   355 18779  23.5  32.0  2.39   0.7   0.0
    43  1992   356 14029  23.0  34.0  2.13   0.7   0.0
    43  1992   357 12842  23.0  32.0  2.24   0.7   0.0
    43  1992   358 12842  24.0  33.0  2.26   0.7   0.0
    43  1992   359 14029  23.0  31.0  2.52   0.9   0.0
    43  1992   360  8092  24.0  31.0  2.47   0.8   0.0
    43  1992   361 16404  24.5  32.0  2.76   0.9   0.0
    43  1992   362 25904  23.5  30.0  2.39   0.7   0.0
    43  1992   363 12248  23.5  30.0  2.39   0.9   0.0
    43  1992   364  3936  23.0  32.5  2.63   0.7  31.0
    43  1992   365 14623  23.5  30.5  2.71   0.8   0.0
    43  1992   366  1561  23.0  30.0  2.32   1.1   0.0
";}}s:20:"custom_result_object";a:0:{}s:11:"current_row";i:0;s:8:"num_rows";i:1;s:8:"row_data";N;}