O:12:"CI_DB_result":8:{s:7:"conn_id";N;s:9:"result_id";N;s:12:"result_array";a:1:{i:0;a:9:{s:2:"id";s:2:"36";s:7:"country";s:11:"Philippines";s:12:"station_code";s:1:"2";s:12:"country_code";s:4:"phil";s:13:"site_latitude";N;s:14:"site_longitude";N;s:13:"site_altitude";N;s:4:"year";s:4:"2006";s:4:"data";s:19813:"*-----------------------------------------------------------
*  Station Name: IRDR0002    IRRI Dryland Site, Los Banos, Laguna
*  Author      : Climate Unit, IRRI    -99.: nil value
*  Source      : International Rice Research Institute (IRRI)
*
*  Comments    : This file is extracted from CLICOM database.
*  Longitude:  121 15 E   Latitude:  14 13 N   Altitude: 23.0 m
*
*  Column    Daily Value
*     1      Station number
*     2      Year
*     3      Day
*     4      irradiance         KJ m-2 d-1
*     5      min temperature            oC
*     6      max temperature            oC
*     7      vapor pressure            kPa
*     8      mean wind speed         m s-1
*     9      precipitation          mm d-1
*-----------------------------------------------------------
121.25  14.22  23.0  0.00  0.00
  2 2006   1  13895  24.0  30.5   2.91   1.5   9.4
  2 2006   2   6299  24.0  27.5   2.84   1.3  11.1
  2 2006   3  15011  23.5  28.2   2.63   1.8   1.2
  2 2006   4  11303  23.4  29.0   2.57   1.5   0.0
  2 2006   5  16199  23.5  30.0   2.62   1.9   0.4
  2 2006   6  18395  23.0  29.3   2.40   1.8   0.0
  2 2006   7  10511  22.6  27.7   2.42   1.7   1.0
  2 2006   8  11303  22.2  28.4   2.41   1.8   0.0
  2 2006   9  12707  22.6  29.4   2.51   1.9   0.0
  2 2006  10  17099  23.0  29.5   2.46   1.9   0.0
  2 2006  11  20986  21.8  30.5   2.34   1.6   0.0
  2 2006  12  21202  22.0  30.7   2.42   1.8   0.0
  2 2006  13  11699  24.1  29.4   2.93   1.4  19.0
  2 2006  14  13715  24.1  30.5   2.96   1.5   0.8
  2 2006  15  16703  24.4  31.5   2.77   1.6   0.0
  2 2006  16  18790  24.0  31.5   2.73   1.9   0.0
  2 2006  17  17099  24.0  30.5   2.71   1.9   0.0
  2 2006  18  17603  23.9  30.9   2.67   1.9   0.0
  2 2006  19  14795  23.5  30.6   2.72   0.9   6.6
  2 2006  20  16199  22.3  31.6   2.87   1.0   0.0
  2 2006  21  16487  20.3  31.3   2.51   1.0   0.0
  2 2006  22  12311  21.4  30.0   2.52   1.2   0.0
  2 2006  23  17999  22.5  31.0   2.69   1.7   0.7
  2 2006  24   4500  23.5  26.5   2.77   1.8  25.8
  2 2006  25  10691  23.5  30.6   2.96   1.2   4.8
  2 2006  26   8891  24.5  28.6   3.01   1.3  13.2
  2 2006  27   7991  24.0  27.6   2.98   1.2  21.7
  2 2006  28  11303  23.9  30.3   2.76   0.9   0.5
  2 2006  29  16199  21.9  31.5   2.82   0.9   2.2
  2 2006  30  17495  22.6  31.1   2.79   1.3   0.0
  2 2006  31  17387  23.4  31.0   2.82   1.4   3.7
  2 2006  32  16199  23.8  30.8   2.91   1.6   0.4
  2 2006  33  11915  23.9  27.7   2.74   1.8   4.0
  2 2006  34  11303  23.1  29.0   2.64   1.9   0.9
  2 2006  35  12311  23.4  28.1   2.31   2.6   0.0
  2 2006  36  17999  22.2  29.2   2.06   2.4   0.0
  2 2006  37   7199  23.6  25.9   2.44   1.3   2.6
  2 2006  38  12095  23.1  28.5   2.71   1.3   7.6
  2 2006  39  17495  23.8  29.5   2.67   2.5   0.2
  2 2006  40  12311  24.1  27.5   2.31   3.1   0.0
  2 2006  41  18395  22.5  28.5   2.13   2.2   0.0
  2 2006  42  16811  22.6  29.5   2.22   1.7   0.0
  2 2006  43  16091  22.0  29.4   2.31   2.5   0.0
  2 2006  44   8999  23.9  27.0   2.70   1.7   9.3
  2 2006  45  17603  23.5  30.6   2.83   1.7   0.0
  2 2006  46  12203  24.4  30.0   2.77   1.5   1.0
  2 2006  47  22102  23.5  31.2   2.62   2.0   0.0
  2 2006  48  21094  24.0  30.5   2.62   2.5   1.6
  2 2006  49  13787  23.0  29.3   2.69   1.8   1.3
  2 2006  50  14687  23.4  31.0   2.67   1.6   0.0
  2 2006  51  16091  24.5  30.1   2.72   1.6   1.2
  2 2006  52  12203  23.1  29.0   2.59   1.6   1.2
  2 2006  53  12383  24.1  29.5   2.86   1.8   0.0
  2 2006  54  20194  24.2  31.5   2.83   2.0   2.8
  2 2006  55  20698  23.6  30.6   2.66   2.3   0.0
  2 2006  56  20590  23.4  31.6   2.51   1.8   1.0
  2 2006  57  20806  22.9  32.1   2.62   1.6   0.3
  2 2006  58  18503  23.6  32.2   2.75   1.8   0.0
  2 2006  59  19690  21.7  31.7   2.40   1.7   0.0
  2 2006  60  23182  21.8  32.5   2.51   1.4   0.0
  2 2006  61  21706  23.5  32.5   2.56   1.4   0.0
  2 2006  62  15299  23.0  30.5   2.51   1.1   0.0
  2 2006  63  19690  22.7  30.5   2.47   2.1   1.0
  2 2006  64  11411  22.3  28.5   2.52   2.0   0.0
  2 2006  65  15911  23.0  30.7   2.66   1.9   0.0
  2 2006  66  18790  23.4  32.1   2.44   2.0   0.0
  2 2006  67  20698  24.2  32.2   2.65   2.0   0.0
  2 2006  68  18287  25.0  33.4   2.81   1.7   0.0
  2 2006  69  12815  24.5  30.0   2.66   1.8   0.4
  2 2006  70  14687  24.7  30.7   2.77   1.4  40.6
  2 2006  71  21202  22.9  32.1   2.79   1.0   0.7
  2 2006  72  16415  24.0  31.5   2.84   1.0   6.1
  2 2006  73  17099  23.9  30.5   2.71   2.1   0.0
  2 2006  74  19186  23.9  30.3   2.65   1.8   0.0
  2 2006  75  22786  22.7  32.2   2.66   1.7   0.0
  2 2006  76  17783  24.1  31.6   2.75   1.9   0.0
  2 2006  77  21778  23.6  33.0   2.65   1.8   0.0
  2 2006  78  23578  23.5  33.0   2.63   2.1   0.0
  2 2006  79  23506  24.1  32.0   2.68   2.1   0.0
  2 2006  80  15083  23.7  32.4   2.55   1.2   0.0
  2 2006  81  23902  22.5  32.7   2.78   1.4   0.0
  2 2006  82  19798  23.1  32.0   2.70   1.4   0.0
  2 2006  83  17999  23.8  31.9   2.64   1.5   0.0
  2 2006  84  23686  25.0  33.0   2.79   1.8   0.0
  2 2006  85  24082  22.6  34.1   2.84   1.1   0.0
  2 2006  86  21778  22.7  34.6   2.75   0.9   0.0
  2 2006  87  22786  24.3  34.6   2.98   1.3   0.0
  2 2006  88  21490  25.5  33.5   2.87   1.6   0.0
  2 2006  89  13787  24.3  30.6   2.69   1.4  11.4
  2 2006  90  10511  23.9  30.6   2.80   1.5   3.6
  2 2006  91  16991  23.8  31.9   2.88   1.6   0.0
  2 2006  92  22282  24.3  33.0   2.81   1.5   0.0
  2 2006  93  19582  24.3  31.2   2.70   1.7   0.0
  2 2006  94  20986  23.6  32.9   2.61   1.6   0.0
  2 2006  95  17495  25.5  34.1   2.88   1.1   0.0
  2 2006  96  19906  24.2  33.9   3.03   1.6   0.0
  2 2006  97  23794  24.4  33.8   2.85   2.1   0.0
  2 2006  98  21202  25.0  32.0   2.63   2.6   0.0
  2 2006  99  22498  24.2  33.0   2.75   2.0   0.0
  2 2006 100  20086  25.0  34.3   2.86   1.3   0.0
  2 2006 101  17495  23.8  34.6   2.96   1.3   0.0
  2 2006 102  18683  22.5  33.7   2.93   1.2   0.0
  2 2006 103  24082  23.7  34.8   2.91   1.7   0.0
  2 2006 104  24298  23.2  34.0   2.85   1.9   0.0
  2 2006 105  23002  25.5  34.2   2.88   1.9   0.0
  2 2006 106  22786  24.6  34.7   2.85   1.5   0.0
  2 2006 107  23290  22.0  33.6   2.64   1.9   0.0
  2 2006 108  22786  23.7  33.3   2.64   2.0   0.0
  2 2006 109  18107  24.0  34.6   2.80   1.5   0.6
  2 2006 110  16811  24.6  32.0   2.83   1.7   0.0
  2 2006 111  23578  23.8  33.6   2.66   1.9   0.0
  2 2006 112  19402  24.2  33.5   2.64   1.4   0.2
  2 2006 113  23290  23.0  34.5   2.66   1.9   0.0
  2 2006 114  21382  24.6  34.5   2.85   1.6   0.0
  2 2006 115  21886  25.7  34.1   2.90   1.9   0.0
  2 2006 116  22210  25.0  34.9   2.75   1.7   0.0
  2 2006 117  20482  23.9  35.0   2.88   1.6   0.0
  2 2006 118  19690  24.8  35.4   3.00   1.4   0.0
  2 2006 119  20302  24.5  36.0   3.01   1.4   0.0
  2 2006 120  23002  23.8  35.5   2.96   1.3   0.0
  2 2006 121  16307  24.5  34.6   2.98   1.4   0.0
  2 2006 122  20194  24.2  35.5   2.83   1.3   0.0
  2 2006 123  24298  25.5  35.1   2.92   2.0   0.0
  2 2006 124  20482  24.6  34.2   2.81   1.9   0.0
  2 2006 125  17891  26.0  34.0   2.77   1.9   0.0
  2 2006 126  18683  25.9  34.0   3.03   1.2   1.3
  2 2006 127  25198  24.0  36.0   2.88   1.7   0.0
  2 2006 128  24010  25.0  36.0   2.97   1.5   0.0
  2 2006 129  22894  25.0  34.5   2.77   2.2   0.0
  2 2006 130  22678  26.5  35.5   3.11   1.8   0.3
  2 2006 131  18898  24.6  34.3   3.01   2.3  32.4
  2 2006 132   3816  24.8  27.1   3.08   3.9  91.0
  2 2006 133   2988  24.0  27.3   2.83   5.5  18.6
  2 2006 134   6695  24.5  29.4   2.75   3.6   1.2
  2 2006 135  15299  25.5  32.1   2.77   3.9   2.0
  2 2006 136  13103  25.0  30.6   3.07   2.6   0.7
  2 2006 137  13895  23.4  32.9   2.73   1.4   2.6
  2 2006 138  15191  24.4  33.5   3.08   1.6   1.4
  2 2006 139  21310  23.4  33.0   3.09   1.4   0.0
  2 2006 140  15407  23.5  32.7   3.04   1.1   6.6
  2 2006 141  11195  24.1  30.1   3.11   1.0   3.6
  2 2006 142  16991  25.0  34.0   2.99   1.2  20.0
  2 2006 143  16991  24.6  33.2   3.06   1.1   1.6
  2 2006 144  15083  25.7  32.5   3.16   1.1   0.2
  2 2006 145  18790  24.4  32.5   3.03   1.0   0.0
  2 2006 146  20194  23.5  34.0   2.97   1.2   0.0
  2 2006 147  22606  25.6  34.9   2.97   1.5   0.0
  2 2006 148  22786  24.4  35.7   3.14   1.2   0.0
  2 2006 149  20086  23.5  35.2   2.91   1.1   0.0
  2 2006 150  18287  24.0  34.0   3.21   0.8   1.7
  2 2006 151  19690  24.5  34.5   3.12   1.1   0.0
  2 2006 152  21094  25.5  33.6   3.11   1.0  15.2
  2 2006 153  22498  25.0  33.8   3.14   1.3   6.3
  2 2006 154  17387  23.6  33.7   2.95   1.4   8.2
  2 2006 155  17207  24.0  34.0   2.89   1.4   4.0
  2 2006 156  21598  23.4  33.8   3.05   1.5   0.7
  2 2006 157  23902  23.5  35.2   3.05   1.3   0.0
  2 2006 158  18215  23.6  35.3   3.22   1.1   0.0
  2 2006 159  18683  23.9  35.5   3.36   1.0   3.2
  2 2006 160  22786  23.0  35.0   3.05   1.7   0.0
  2 2006 161  23794  25.0  35.4   3.14   2.1   0.0
  2 2006 162  16595  24.9  35.1   3.06   1.1   9.8
  2 2006 163  16199  23.3  33.2   2.95   1.0  19.0
  2 2006 164  18215  23.2  31.6   2.95   1.3  21.9
  2 2006 165  17711  24.5  33.3   3.01   0.9   1.0
  2 2006 166  14291  25.2  32.5   3.16   0.7   2.2
  2 2006 167  14687  24.8  34.0   3.13   0.9   6.4
  2 2006 168  20698  24.8  34.0   3.00   1.2   0.0
  2 2006 169  15515  24.9  32.0   3.01   1.3   1.4
  2 2006 170  17099  24.0  32.5   2.95   1.4   0.0
  2 2006 171  15587  25.0  32.0   3.04   1.2   8.3
  2 2006 172  14507  26.0  32.5   2.96   1.0  80.4
  2 2006 173  18215  23.7  32.6   3.04   1.3   0.0
  2 2006 174  21202  25.8  33.6   3.03   1.3   0.0
  2 2006 175  22390  26.0  34.2   3.16   1.6   1.3
  2 2006 176   6299  25.9  28.7   3.03   1.0  15.3
  2 2006 177  11699  25.0  31.6   3.11   1.7   2.4
  2 2006 178  20878  24.4  32.4   3.10   2.2   1.7
  2 2006 179  14687  24.6  31.7   3.06   1.6   2.8
  2 2006 180  19798  24.1  33.0   3.05   2.0   1.4
  2 2006 181  13211  24.3  32.8   3.15   1.1   4.4
  2 2006 182  21094  25.2  32.7   3.07   2.7   0.0
  2 2006 183  18395  24.0  34.1   3.04   1.1   0.0
  2 2006 184  19582  23.9  32.8   3.13   0.8   2.3
  2 2006 185  15983  23.7  33.1   2.92   0.8   1.4
  2 2006 186  15407  24.2  32.9   3.04   1.3   0.0
  2 2006 187  16307  24.7  34.1   2.93   1.9   2.1
  2 2006 188  10907  25.6  30.0   3.17   3.9   2.0
  2 2006 189   8207  25.0  32.0   3.11   2.1  22.0
  2 2006 190  17711  23.9  32.5   2.88   1.4   0.0
  2 2006 191  18107  24.0  33.0   3.03   1.4   0.6
  2 2006 192  11987  24.2  31.5   2.99   2.2  20.4
  2 2006 193   5508  24.2  29.4   3.06   4.8  38.1
  2 2006 194  11411  24.0  31.0   3.09   4.6  10.4
  2 2006 195   6192  26.0  29.4   3.05   1.4  12.6
  2 2006 196  16415  23.8  30.5   3.03   1.0   0.0
  2 2006 197  21886  23.5  32.5   3.11   0.8   0.0
  2 2006 198  14003  23.5  31.1   3.05   0.9   4.4
  2 2006 199   6084  24.7  28.0   3.05   0.6  11.8
  2 2006 200   7883  24.2  28.4   2.96   0.6   0.4
  2 2006 201  13607  24.2  32.0   3.05   0.9   0.0
  2 2006 202  20086  23.5  33.0   3.12   1.9   0.0
  2 2006 203  13787  24.5  31.5   2.93   2.1   0.1
  2 2006 204   5508  26.0  29.4   2.94   3.9  19.4
  2 2006 205   8099  24.5  30.0   2.75   2.2   3.4
  2 2006 206   8891  24.8  31.4   2.84   2.6  11.6
  2 2006 207  20194  23.5  32.7   2.81   1.3   0.0
  2 2006 208  17207  24.5  31.7   2.71   0.9   0.0
  2 2006 209  18503  23.6  31.5   2.90   1.1   7.6
  2 2006 210  16415  22.6  31.5   2.83   0.8   4.7
  2 2006 211   3420  24.4  26.5   3.04   0.8  32.0
  2 2006 212   4608  23.5  27.1   2.85   2.0  24.6
  2 2006 213   4716  24.0  27.5   2.87   1.2  10.7
  2 2006 214  14903  23.0  31.5   2.80   1.4   0.0
  2 2006 215  23002  23.2  34.2   3.18   1.4   0.0
  2 2006 216  13895  25.2  32.0   3.04   0.8   0.5
  2 2006 217  12995  24.0  31.3   3.01   0.8  17.8
  2 2006 218  17315  23.3  31.5   2.95   1.0  11.8
  2 2006 219  17783  24.5  31.7   2.94   1.6   1.2
  2 2006 220  14399  24.7  30.5   2.85   2.3   2.1
  2 2006 221  12995  24.6  32.0   2.92   1.3   1.6
  2 2006 222  12383  24.7  30.5   3.07   1.4   2.2
  2 2006 223  17783  24.0  31.7   3.02   1.2  11.6
  2 2006 224  16811  24.2  32.1   3.04   0.9   1.7
  2 2006 225   7595  25.4  29.2   3.14   1.3  29.0
  2 2006 226   7199  24.1  28.9   3.01   1.3   7.6
  2 2006 227   8495  24.0  28.7   3.05   1.0   0.4
  2 2006 228  18215  24.0  33.4   3.03   1.6   0.0
  2 2006 229  15299  25.4  32.5   2.94   2.6   0.0
  2 2006 230  17315  27.0  32.5   2.97   2.0   0.0
  2 2006 231  20410  25.4  32.6   2.76   3.0  11.2
  2 2006 232   6084  23.3  28.1   2.78   3.0  19.4
  2 2006 233   6911  23.4  29.5   2.82   1.6   6.8
  2 2006 234   8207  24.5  30.7   3.17   1.3  35.4
  2 2006 235  10691  24.2  30.3   3.15   0.8   0.0
  2 2006 236  22210  23.1  33.5   3.13   1.1   0.0
  2 2006 237  15587  24.0  31.6   3.10   1.2   2.6
  2 2006 238   5796  23.5  27.8   2.88   1.0   9.2
  2 2006 239  11015  24.1  29.4   2.82   0.9   0.0
  2 2006 240  17207  23.6  32.9   2.89   0.9   0.0
  2 2006 241  23686  23.0  33.2   3.11   1.0   0.0
  2 2006 242  25990  22.9  33.9   2.93   1.2   0.0
  2 2006 243  14867  24.0  33.5   3.17   0.8   0.2
  2 2006 244  15983  23.2  33.0   3.11   1.3   0.4
  2 2006 245  17783  22.6  33.5   2.93   1.1   3.6
  2 2006 246  23578  23.0  34.5   2.88   0.9   0.0
  2 2006 247  20482  23.8  34.0   3.07   1.3   0.0
  2 2006 248  12995  24.0  32.7   3.04   0.8   2.6
  2 2006 249  14183  24.0  31.5   3.11   1.0   2.4
  2 2006 250  17783  23.0  33.8   3.02   1.0   0.5
  2 2006 251  18790  23.3  32.5   3.02   0.8  37.6
  2 2006 252  14183  23.7  31.7   2.95   0.8   0.0
  2 2006 253  12815  23.8  31.8   2.91   1.5   0.6
  2 2006 254  17387  24.4  33.5   2.89   1.1   0.0
  2 2006 255  15407  23.0  33.3   2.95   1.0   0.2
  2 2006 256  21382  23.4  33.5   3.12   1.0   0.0
  2 2006 257  20698  24.1  33.6   3.06   1.2   0.0
  2 2006 258  21490  24.9  33.7   3.20   1.7   0.0
  2 2006 259  15803  25.0  32.7   3.07   1.2   0.0
  2 2006 260  14687  24.0  33.0   3.18   1.0   0.0
  2 2006 261  15587  23.5  32.0   3.14   1.0   0.4
  2 2006 262  14183  23.2  32.6   3.01   0.7  18.3
  2 2006 263  16703  22.9  32.1   2.87   0.8   0.2
  2 2006 264  18287  23.9  33.0   3.04   1.3   0.3
  2 2006 265  17711  23.5  32.5   2.97   1.7   0.5
  2 2006 266  11483  24.0  31.0   2.90   0.7   9.1
  2 2006 267  19402  24.4  33.0   2.93   1.2   0.8
  2 2006 268   7703  24.0  29.5   2.92   0.7  38.8
  2 2006 269  17711  23.9  32.0   2.95   0.9  15.8
  2 2006 270   2808  24.0  25.5   2.99   2.7 101.0
  2 2006 271   3096  24.4  26.6   2.97   5.3 318.4
  2 2006 272  13787  23.6  29.5   3.11   1.9   2.1
  2 2006 273  17495  24.0  32.5   2.96   0.8   0.0
  2 2006 274  13895  24.0  31.0   3.08   1.0  12.2
  2 2006 275  16883  25.2  31.5   3.09   1.5   0.0
  2 2006 276  11987  25.4  31.0   3.14   0.9   7.2
  2 2006 277  16811  24.5  32.1   3.10   1.1   0.0
  2 2006 278  15083  25.0  31.0   3.00   1.3   0.0
  2 2006 279  12887  24.3  30.5   3.00   1.1   0.0
  2 2006 280   7883  22.6  28.0   2.95   1.1   0.0
  2 2006 281  11915  22.4  29.4   2.82   1.3   4.0
  2 2006 282  14615  23.7  31.1   2.99   1.1   0.0
  2 2006 283  19078  22.5  31.5   2.71   1.0   0.0
  2 2006 284  20806  22.9  32.6   2.93   1.0  36.8
  2 2006 285  14183  23.0  30.5   2.97   0.8   0.0
  2 2006 286  17999  22.8  32.1   2.90   1.0   0.0
  2 2006 287  10115  23.7  28.6   2.79   1.0   0.0
  2 2006 288  22606  22.8  32.6   2.73   1.0   0.0
  2 2006 289  11915  23.1  31.5   2.85   0.9   1.8
  2 2006 290  15587  24.5  30.6   3.19   1.2   0.0
  2 2006 291  16091  23.9  31.0   2.69   1.7   0.0
  2 2006 292  20410  23.0  31.5   2.75   1.6   0.0
  2 2006 293  20878  23.0  32.2   2.60   1.6   0.0
  2 2006 294  22102  23.8  32.5   2.67   1.1   0.3
  2 2006 295  13895  24.0  30.6   2.88   1.4   0.0
  2 2006 296  16991  24.0  32.0   2.83   1.3   0.4
  2 2006 297  10187  23.1  30.3   2.75   1.5   1.6
  2 2006 298  12887  24.0  30.5   2.99   1.4  20.0
  2 2006 299   4896  24.1  26.2   2.85   0.7   1.7
  2 2006 300  17315  22.4  31.5   2.77   1.0   0.0
  2 2006 301  14903  24.9  31.6   2.73   1.2   0.1
  2 2006 302   3420  22.5  28.2   2.89   2.0   3.8
  2 2006 303   6587  24.6  29.8   2.84   1.7   0.9
  2 2006 304  15191  24.2  32.5   2.98   1.3   0.0
  2 2006 305  14903  23.2  32.4   3.17   1.1   2.0
  2 2006 306  14003  23.4  31.5   2.95   0.9   7.0
  2 2006 307  16811  22.5  33.1   2.97   0.8   5.6
  2 2006 308  13787  24.5  32.0   3.04   1.0  61.4
  2 2006 309  17711  23.0  32.4   3.10   0.9   1.1
  2 2006 310  19798  24.0  32.5   2.86   1.3   0.0
  2 2006 311  11195  25.0  30.5   2.88   1.5  14.7
  2 2006 312  16199  24.1  31.0   2.89   1.5   0.2
  2 2006 313  17891  24.1  31.4   2.94   1.5   5.4
  2 2006 314  12707  25.0  30.4   2.83   1.2   0.0
  2 2006 315  13715  23.0  31.8   2.84   1.3   0.0
  2 2006 316   9287  23.9  31.6   2.97   1.2  29.8
  2 2006 317  14111  24.8  30.5   3.01   1.0   6.8
  2 2006 318  18898  24.5  32.2   2.89   1.4   1.4
  2 2006 319  13103  25.3  31.0   2.97   1.7  30.2
  2 2006 320   6192  24.0  28.0   2.54   1.3   9.5
  2 2006 321  19510  23.7  31.7   3.07   1.8   0.0
  2 2006 322  14795  25.0  31.7   2.90   1.5   0.0
  2 2006 323  18215  23.8  31.6   3.05   1.6   0.0
  2 2006 324  18683  25.0  32.4   2.80   1.7   0.0
  2 2006 325  18215  24.6  31.9   2.95   1.5   0.0
  2 2006 326  19294  23.9  33.0   2.87   1.1   0.0
  2 2006 327  16091  25.2  32.4   2.91   1.4   0.0
  2 2006 328  14291  25.0  31.7   2.93   1.2   1.6
  2 2006 329  17099  25.0  32.0   2.95   1.6   0.0
  2 2006 330  14111  25.0  31.5   2.77   1.2   0.0
  2 2006 331  11591  23.4  30.7   2.82   1.2   0.0
  2 2006 332  20698  22.6  32.1   2.77   1.6   0.0
  2 2006 333  15083  23.5  31.1   2.69   2.0   0.0
  2 2006 334   4212  22.8  28.0   2.57   5.2  52.8
  2 2006 335  11195  25.0  29.2   2.51   4.2   0.0
  2 2006 336  16595  23.0  32.2   2.77   1.6   0.0
  2 2006 337  12383  25.0  30.9   2.80   1.6   0.0
  2 2006 338   9791  25.2  30.0   2.88   1.4  13.0
  2 2006 339  15083  24.1  30.8   2.74   1.8   0.0
  2 2006 340  14615  24.5  29.9   2.79   1.8   3.7
  2 2006 341  19186  24.5  31.4   2.83   1.9   3.6
  2 2006 342  16487  24.5  31.0   2.82   2.1   1.2
  2 2006 343  10115  24.4  29.5   2.75   3.5  50.8
  2 2006 344   5112  23.0  27.5   2.67   3.4 133.4
  2 2006 345  10691  22.4  29.6   2.82   2.3  19.4
  2 2006 346  18287  23.2  32.0   2.94   1.5   0.0
  2 2006 347  13607  25.0  30.7   2.89   1.4   0.0
  2 2006 348  18395  23.0  31.4   2.94   1.2   0.0
  2 2006 349  13895  25.4  31.0   2.87   1.9   0.8
  2 2006 350  17891  25.0  31.5   2.80   1.6   0.0
  2 2006 351  16199  23.3  30.6   2.73   3.2   0.4
  2 2006 352   4500  24.1  26.1   2.44   2.9   0.2
  2 2006 353   8099  23.6  27.7   2.51   2.8   0.2
  2 2006 354  10115  24.4  29.1   2.48   2.9  13.0
  2 2006 355   8495  23.2  26.8   2.87   1.2   9.2
  2 2006 356  11195  24.0  28.8   2.62   2.3   0.0
  2 2006 357   7199  24.2  27.6   2.53   2.0  14.4
  2 2006 358   6695  23.0  26.5   2.67   1.8   0.1
  2 2006 359   8783  23.1  28.1   2.45   1.3   0.0
  2 2006 360  12311  23.6  29.2   2.74   1.5   0.4
  2 2006 361  10799  23.9  29.4   2.56   2.2   0.0
  2 2006 362   9611  24.0  28.5   2.55   2.2   0.0
  2 2006 363   8891  24.1  27.6   2.60   2.4   6.4
  2 2006 364   6299  23.5  26.8   2.67   2.1   1.8
  2 2006 365   7703  23.5  28.1   2.67   2.3   0.0
";}}s:13:"result_object";a:1:{i:0;O:8:"stdClass":9:{s:2:"id";s:2:"36";s:7:"country";s:11:"Philippines";s:12:"station_code";s:1:"2";s:12:"country_code";s:4:"phil";s:13:"site_latitude";N;s:14:"site_longitude";N;s:13:"site_altitude";N;s:4:"year";s:4:"2006";s:4:"data";s:19813:"*-----------------------------------------------------------
*  Station Name: IRDR0002    IRRI Dryland Site, Los Banos, Laguna
*  Author      : Climate Unit, IRRI    -99.: nil value
*  Source      : International Rice Research Institute (IRRI)
*
*  Comments    : This file is extracted from CLICOM database.
*  Longitude:  121 15 E   Latitude:  14 13 N   Altitude: 23.0 m
*
*  Column    Daily Value
*     1      Station number
*     2      Year
*     3      Day
*     4      irradiance         KJ m-2 d-1
*     5      min temperature            oC
*     6      max temperature            oC
*     7      vapor pressure            kPa
*     8      mean wind speed         m s-1
*     9      precipitation          mm d-1
*-----------------------------------------------------------
121.25  14.22  23.0  0.00  0.00
  2 2006   1  13895  24.0  30.5   2.91   1.5   9.4
  2 2006   2   6299  24.0  27.5   2.84   1.3  11.1
  2 2006   3  15011  23.5  28.2   2.63   1.8   1.2
  2 2006   4  11303  23.4  29.0   2.57   1.5   0.0
  2 2006   5  16199  23.5  30.0   2.62   1.9   0.4
  2 2006   6  18395  23.0  29.3   2.40   1.8   0.0
  2 2006   7  10511  22.6  27.7   2.42   1.7   1.0
  2 2006   8  11303  22.2  28.4   2.41   1.8   0.0
  2 2006   9  12707  22.6  29.4   2.51   1.9   0.0
  2 2006  10  17099  23.0  29.5   2.46   1.9   0.0
  2 2006  11  20986  21.8  30.5   2.34   1.6   0.0
  2 2006  12  21202  22.0  30.7   2.42   1.8   0.0
  2 2006  13  11699  24.1  29.4   2.93   1.4  19.0
  2 2006  14  13715  24.1  30.5   2.96   1.5   0.8
  2 2006  15  16703  24.4  31.5   2.77   1.6   0.0
  2 2006  16  18790  24.0  31.5   2.73   1.9   0.0
  2 2006  17  17099  24.0  30.5   2.71   1.9   0.0
  2 2006  18  17603  23.9  30.9   2.67   1.9   0.0
  2 2006  19  14795  23.5  30.6   2.72   0.9   6.6
  2 2006  20  16199  22.3  31.6   2.87   1.0   0.0
  2 2006  21  16487  20.3  31.3   2.51   1.0   0.0
  2 2006  22  12311  21.4  30.0   2.52   1.2   0.0
  2 2006  23  17999  22.5  31.0   2.69   1.7   0.7
  2 2006  24   4500  23.5  26.5   2.77   1.8  25.8
  2 2006  25  10691  23.5  30.6   2.96   1.2   4.8
  2 2006  26   8891  24.5  28.6   3.01   1.3  13.2
  2 2006  27   7991  24.0  27.6   2.98   1.2  21.7
  2 2006  28  11303  23.9  30.3   2.76   0.9   0.5
  2 2006  29  16199  21.9  31.5   2.82   0.9   2.2
  2 2006  30  17495  22.6  31.1   2.79   1.3   0.0
  2 2006  31  17387  23.4  31.0   2.82   1.4   3.7
  2 2006  32  16199  23.8  30.8   2.91   1.6   0.4
  2 2006  33  11915  23.9  27.7   2.74   1.8   4.0
  2 2006  34  11303  23.1  29.0   2.64   1.9   0.9
  2 2006  35  12311  23.4  28.1   2.31   2.6   0.0
  2 2006  36  17999  22.2  29.2   2.06   2.4   0.0
  2 2006  37   7199  23.6  25.9   2.44   1.3   2.6
  2 2006  38  12095  23.1  28.5   2.71   1.3   7.6
  2 2006  39  17495  23.8  29.5   2.67   2.5   0.2
  2 2006  40  12311  24.1  27.5   2.31   3.1   0.0
  2 2006  41  18395  22.5  28.5   2.13   2.2   0.0
  2 2006  42  16811  22.6  29.5   2.22   1.7   0.0
  2 2006  43  16091  22.0  29.4   2.31   2.5   0.0
  2 2006  44   8999  23.9  27.0   2.70   1.7   9.3
  2 2006  45  17603  23.5  30.6   2.83   1.7   0.0
  2 2006  46  12203  24.4  30.0   2.77   1.5   1.0
  2 2006  47  22102  23.5  31.2   2.62   2.0   0.0
  2 2006  48  21094  24.0  30.5   2.62   2.5   1.6
  2 2006  49  13787  23.0  29.3   2.69   1.8   1.3
  2 2006  50  14687  23.4  31.0   2.67   1.6   0.0
  2 2006  51  16091  24.5  30.1   2.72   1.6   1.2
  2 2006  52  12203  23.1  29.0   2.59   1.6   1.2
  2 2006  53  12383  24.1  29.5   2.86   1.8   0.0
  2 2006  54  20194  24.2  31.5   2.83   2.0   2.8
  2 2006  55  20698  23.6  30.6   2.66   2.3   0.0
  2 2006  56  20590  23.4  31.6   2.51   1.8   1.0
  2 2006  57  20806  22.9  32.1   2.62   1.6   0.3
  2 2006  58  18503  23.6  32.2   2.75   1.8   0.0
  2 2006  59  19690  21.7  31.7   2.40   1.7   0.0
  2 2006  60  23182  21.8  32.5   2.51   1.4   0.0
  2 2006  61  21706  23.5  32.5   2.56   1.4   0.0
  2 2006  62  15299  23.0  30.5   2.51   1.1   0.0
  2 2006  63  19690  22.7  30.5   2.47   2.1   1.0
  2 2006  64  11411  22.3  28.5   2.52   2.0   0.0
  2 2006  65  15911  23.0  30.7   2.66   1.9   0.0
  2 2006  66  18790  23.4  32.1   2.44   2.0   0.0
  2 2006  67  20698  24.2  32.2   2.65   2.0   0.0
  2 2006  68  18287  25.0  33.4   2.81   1.7   0.0
  2 2006  69  12815  24.5  30.0   2.66   1.8   0.4
  2 2006  70  14687  24.7  30.7   2.77   1.4  40.6
  2 2006  71  21202  22.9  32.1   2.79   1.0   0.7
  2 2006  72  16415  24.0  31.5   2.84   1.0   6.1
  2 2006  73  17099  23.9  30.5   2.71   2.1   0.0
  2 2006  74  19186  23.9  30.3   2.65   1.8   0.0
  2 2006  75  22786  22.7  32.2   2.66   1.7   0.0
  2 2006  76  17783  24.1  31.6   2.75   1.9   0.0
  2 2006  77  21778  23.6  33.0   2.65   1.8   0.0
  2 2006  78  23578  23.5  33.0   2.63   2.1   0.0
  2 2006  79  23506  24.1  32.0   2.68   2.1   0.0
  2 2006  80  15083  23.7  32.4   2.55   1.2   0.0
  2 2006  81  23902  22.5  32.7   2.78   1.4   0.0
  2 2006  82  19798  23.1  32.0   2.70   1.4   0.0
  2 2006  83  17999  23.8  31.9   2.64   1.5   0.0
  2 2006  84  23686  25.0  33.0   2.79   1.8   0.0
  2 2006  85  24082  22.6  34.1   2.84   1.1   0.0
  2 2006  86  21778  22.7  34.6   2.75   0.9   0.0
  2 2006  87  22786  24.3  34.6   2.98   1.3   0.0
  2 2006  88  21490  25.5  33.5   2.87   1.6   0.0
  2 2006  89  13787  24.3  30.6   2.69   1.4  11.4
  2 2006  90  10511  23.9  30.6   2.80   1.5   3.6
  2 2006  91  16991  23.8  31.9   2.88   1.6   0.0
  2 2006  92  22282  24.3  33.0   2.81   1.5   0.0
  2 2006  93  19582  24.3  31.2   2.70   1.7   0.0
  2 2006  94  20986  23.6  32.9   2.61   1.6   0.0
  2 2006  95  17495  25.5  34.1   2.88   1.1   0.0
  2 2006  96  19906  24.2  33.9   3.03   1.6   0.0
  2 2006  97  23794  24.4  33.8   2.85   2.1   0.0
  2 2006  98  21202  25.0  32.0   2.63   2.6   0.0
  2 2006  99  22498  24.2  33.0   2.75   2.0   0.0
  2 2006 100  20086  25.0  34.3   2.86   1.3   0.0
  2 2006 101  17495  23.8  34.6   2.96   1.3   0.0
  2 2006 102  18683  22.5  33.7   2.93   1.2   0.0
  2 2006 103  24082  23.7  34.8   2.91   1.7   0.0
  2 2006 104  24298  23.2  34.0   2.85   1.9   0.0
  2 2006 105  23002  25.5  34.2   2.88   1.9   0.0
  2 2006 106  22786  24.6  34.7   2.85   1.5   0.0
  2 2006 107  23290  22.0  33.6   2.64   1.9   0.0
  2 2006 108  22786  23.7  33.3   2.64   2.0   0.0
  2 2006 109  18107  24.0  34.6   2.80   1.5   0.6
  2 2006 110  16811  24.6  32.0   2.83   1.7   0.0
  2 2006 111  23578  23.8  33.6   2.66   1.9   0.0
  2 2006 112  19402  24.2  33.5   2.64   1.4   0.2
  2 2006 113  23290  23.0  34.5   2.66   1.9   0.0
  2 2006 114  21382  24.6  34.5   2.85   1.6   0.0
  2 2006 115  21886  25.7  34.1   2.90   1.9   0.0
  2 2006 116  22210  25.0  34.9   2.75   1.7   0.0
  2 2006 117  20482  23.9  35.0   2.88   1.6   0.0
  2 2006 118  19690  24.8  35.4   3.00   1.4   0.0
  2 2006 119  20302  24.5  36.0   3.01   1.4   0.0
  2 2006 120  23002  23.8  35.5   2.96   1.3   0.0
  2 2006 121  16307  24.5  34.6   2.98   1.4   0.0
  2 2006 122  20194  24.2  35.5   2.83   1.3   0.0
  2 2006 123  24298  25.5  35.1   2.92   2.0   0.0
  2 2006 124  20482  24.6  34.2   2.81   1.9   0.0
  2 2006 125  17891  26.0  34.0   2.77   1.9   0.0
  2 2006 126  18683  25.9  34.0   3.03   1.2   1.3
  2 2006 127  25198  24.0  36.0   2.88   1.7   0.0
  2 2006 128  24010  25.0  36.0   2.97   1.5   0.0
  2 2006 129  22894  25.0  34.5   2.77   2.2   0.0
  2 2006 130  22678  26.5  35.5   3.11   1.8   0.3
  2 2006 131  18898  24.6  34.3   3.01   2.3  32.4
  2 2006 132   3816  24.8  27.1   3.08   3.9  91.0
  2 2006 133   2988  24.0  27.3   2.83   5.5  18.6
  2 2006 134   6695  24.5  29.4   2.75   3.6   1.2
  2 2006 135  15299  25.5  32.1   2.77   3.9   2.0
  2 2006 136  13103  25.0  30.6   3.07   2.6   0.7
  2 2006 137  13895  23.4  32.9   2.73   1.4   2.6
  2 2006 138  15191  24.4  33.5   3.08   1.6   1.4
  2 2006 139  21310  23.4  33.0   3.09   1.4   0.0
  2 2006 140  15407  23.5  32.7   3.04   1.1   6.6
  2 2006 141  11195  24.1  30.1   3.11   1.0   3.6
  2 2006 142  16991  25.0  34.0   2.99   1.2  20.0
  2 2006 143  16991  24.6  33.2   3.06   1.1   1.6
  2 2006 144  15083  25.7  32.5   3.16   1.1   0.2
  2 2006 145  18790  24.4  32.5   3.03   1.0   0.0
  2 2006 146  20194  23.5  34.0   2.97   1.2   0.0
  2 2006 147  22606  25.6  34.9   2.97   1.5   0.0
  2 2006 148  22786  24.4  35.7   3.14   1.2   0.0
  2 2006 149  20086  23.5  35.2   2.91   1.1   0.0
  2 2006 150  18287  24.0  34.0   3.21   0.8   1.7
  2 2006 151  19690  24.5  34.5   3.12   1.1   0.0
  2 2006 152  21094  25.5  33.6   3.11   1.0  15.2
  2 2006 153  22498  25.0  33.8   3.14   1.3   6.3
  2 2006 154  17387  23.6  33.7   2.95   1.4   8.2
  2 2006 155  17207  24.0  34.0   2.89   1.4   4.0
  2 2006 156  21598  23.4  33.8   3.05   1.5   0.7
  2 2006 157  23902  23.5  35.2   3.05   1.3   0.0
  2 2006 158  18215  23.6  35.3   3.22   1.1   0.0
  2 2006 159  18683  23.9  35.5   3.36   1.0   3.2
  2 2006 160  22786  23.0  35.0   3.05   1.7   0.0
  2 2006 161  23794  25.0  35.4   3.14   2.1   0.0
  2 2006 162  16595  24.9  35.1   3.06   1.1   9.8
  2 2006 163  16199  23.3  33.2   2.95   1.0  19.0
  2 2006 164  18215  23.2  31.6   2.95   1.3  21.9
  2 2006 165  17711  24.5  33.3   3.01   0.9   1.0
  2 2006 166  14291  25.2  32.5   3.16   0.7   2.2
  2 2006 167  14687  24.8  34.0   3.13   0.9   6.4
  2 2006 168  20698  24.8  34.0   3.00   1.2   0.0
  2 2006 169  15515  24.9  32.0   3.01   1.3   1.4
  2 2006 170  17099  24.0  32.5   2.95   1.4   0.0
  2 2006 171  15587  25.0  32.0   3.04   1.2   8.3
  2 2006 172  14507  26.0  32.5   2.96   1.0  80.4
  2 2006 173  18215  23.7  32.6   3.04   1.3   0.0
  2 2006 174  21202  25.8  33.6   3.03   1.3   0.0
  2 2006 175  22390  26.0  34.2   3.16   1.6   1.3
  2 2006 176   6299  25.9  28.7   3.03   1.0  15.3
  2 2006 177  11699  25.0  31.6   3.11   1.7   2.4
  2 2006 178  20878  24.4  32.4   3.10   2.2   1.7
  2 2006 179  14687  24.6  31.7   3.06   1.6   2.8
  2 2006 180  19798  24.1  33.0   3.05   2.0   1.4
  2 2006 181  13211  24.3  32.8   3.15   1.1   4.4
  2 2006 182  21094  25.2  32.7   3.07   2.7   0.0
  2 2006 183  18395  24.0  34.1   3.04   1.1   0.0
  2 2006 184  19582  23.9  32.8   3.13   0.8   2.3
  2 2006 185  15983  23.7  33.1   2.92   0.8   1.4
  2 2006 186  15407  24.2  32.9   3.04   1.3   0.0
  2 2006 187  16307  24.7  34.1   2.93   1.9   2.1
  2 2006 188  10907  25.6  30.0   3.17   3.9   2.0
  2 2006 189   8207  25.0  32.0   3.11   2.1  22.0
  2 2006 190  17711  23.9  32.5   2.88   1.4   0.0
  2 2006 191  18107  24.0  33.0   3.03   1.4   0.6
  2 2006 192  11987  24.2  31.5   2.99   2.2  20.4
  2 2006 193   5508  24.2  29.4   3.06   4.8  38.1
  2 2006 194  11411  24.0  31.0   3.09   4.6  10.4
  2 2006 195   6192  26.0  29.4   3.05   1.4  12.6
  2 2006 196  16415  23.8  30.5   3.03   1.0   0.0
  2 2006 197  21886  23.5  32.5   3.11   0.8   0.0
  2 2006 198  14003  23.5  31.1   3.05   0.9   4.4
  2 2006 199   6084  24.7  28.0   3.05   0.6  11.8
  2 2006 200   7883  24.2  28.4   2.96   0.6   0.4
  2 2006 201  13607  24.2  32.0   3.05   0.9   0.0
  2 2006 202  20086  23.5  33.0   3.12   1.9   0.0
  2 2006 203  13787  24.5  31.5   2.93   2.1   0.1
  2 2006 204   5508  26.0  29.4   2.94   3.9  19.4
  2 2006 205   8099  24.5  30.0   2.75   2.2   3.4
  2 2006 206   8891  24.8  31.4   2.84   2.6  11.6
  2 2006 207  20194  23.5  32.7   2.81   1.3   0.0
  2 2006 208  17207  24.5  31.7   2.71   0.9   0.0
  2 2006 209  18503  23.6  31.5   2.90   1.1   7.6
  2 2006 210  16415  22.6  31.5   2.83   0.8   4.7
  2 2006 211   3420  24.4  26.5   3.04   0.8  32.0
  2 2006 212   4608  23.5  27.1   2.85   2.0  24.6
  2 2006 213   4716  24.0  27.5   2.87   1.2  10.7
  2 2006 214  14903  23.0  31.5   2.80   1.4   0.0
  2 2006 215  23002  23.2  34.2   3.18   1.4   0.0
  2 2006 216  13895  25.2  32.0   3.04   0.8   0.5
  2 2006 217  12995  24.0  31.3   3.01   0.8  17.8
  2 2006 218  17315  23.3  31.5   2.95   1.0  11.8
  2 2006 219  17783  24.5  31.7   2.94   1.6   1.2
  2 2006 220  14399  24.7  30.5   2.85   2.3   2.1
  2 2006 221  12995  24.6  32.0   2.92   1.3   1.6
  2 2006 222  12383  24.7  30.5   3.07   1.4   2.2
  2 2006 223  17783  24.0  31.7   3.02   1.2  11.6
  2 2006 224  16811  24.2  32.1   3.04   0.9   1.7
  2 2006 225   7595  25.4  29.2   3.14   1.3  29.0
  2 2006 226   7199  24.1  28.9   3.01   1.3   7.6
  2 2006 227   8495  24.0  28.7   3.05   1.0   0.4
  2 2006 228  18215  24.0  33.4   3.03   1.6   0.0
  2 2006 229  15299  25.4  32.5   2.94   2.6   0.0
  2 2006 230  17315  27.0  32.5   2.97   2.0   0.0
  2 2006 231  20410  25.4  32.6   2.76   3.0  11.2
  2 2006 232   6084  23.3  28.1   2.78   3.0  19.4
  2 2006 233   6911  23.4  29.5   2.82   1.6   6.8
  2 2006 234   8207  24.5  30.7   3.17   1.3  35.4
  2 2006 235  10691  24.2  30.3   3.15   0.8   0.0
  2 2006 236  22210  23.1  33.5   3.13   1.1   0.0
  2 2006 237  15587  24.0  31.6   3.10   1.2   2.6
  2 2006 238   5796  23.5  27.8   2.88   1.0   9.2
  2 2006 239  11015  24.1  29.4   2.82   0.9   0.0
  2 2006 240  17207  23.6  32.9   2.89   0.9   0.0
  2 2006 241  23686  23.0  33.2   3.11   1.0   0.0
  2 2006 242  25990  22.9  33.9   2.93   1.2   0.0
  2 2006 243  14867  24.0  33.5   3.17   0.8   0.2
  2 2006 244  15983  23.2  33.0   3.11   1.3   0.4
  2 2006 245  17783  22.6  33.5   2.93   1.1   3.6
  2 2006 246  23578  23.0  34.5   2.88   0.9   0.0
  2 2006 247  20482  23.8  34.0   3.07   1.3   0.0
  2 2006 248  12995  24.0  32.7   3.04   0.8   2.6
  2 2006 249  14183  24.0  31.5   3.11   1.0   2.4
  2 2006 250  17783  23.0  33.8   3.02   1.0   0.5
  2 2006 251  18790  23.3  32.5   3.02   0.8  37.6
  2 2006 252  14183  23.7  31.7   2.95   0.8   0.0
  2 2006 253  12815  23.8  31.8   2.91   1.5   0.6
  2 2006 254  17387  24.4  33.5   2.89   1.1   0.0
  2 2006 255  15407  23.0  33.3   2.95   1.0   0.2
  2 2006 256  21382  23.4  33.5   3.12   1.0   0.0
  2 2006 257  20698  24.1  33.6   3.06   1.2   0.0
  2 2006 258  21490  24.9  33.7   3.20   1.7   0.0
  2 2006 259  15803  25.0  32.7   3.07   1.2   0.0
  2 2006 260  14687  24.0  33.0   3.18   1.0   0.0
  2 2006 261  15587  23.5  32.0   3.14   1.0   0.4
  2 2006 262  14183  23.2  32.6   3.01   0.7  18.3
  2 2006 263  16703  22.9  32.1   2.87   0.8   0.2
  2 2006 264  18287  23.9  33.0   3.04   1.3   0.3
  2 2006 265  17711  23.5  32.5   2.97   1.7   0.5
  2 2006 266  11483  24.0  31.0   2.90   0.7   9.1
  2 2006 267  19402  24.4  33.0   2.93   1.2   0.8
  2 2006 268   7703  24.0  29.5   2.92   0.7  38.8
  2 2006 269  17711  23.9  32.0   2.95   0.9  15.8
  2 2006 270   2808  24.0  25.5   2.99   2.7 101.0
  2 2006 271   3096  24.4  26.6   2.97   5.3 318.4
  2 2006 272  13787  23.6  29.5   3.11   1.9   2.1
  2 2006 273  17495  24.0  32.5   2.96   0.8   0.0
  2 2006 274  13895  24.0  31.0   3.08   1.0  12.2
  2 2006 275  16883  25.2  31.5   3.09   1.5   0.0
  2 2006 276  11987  25.4  31.0   3.14   0.9   7.2
  2 2006 277  16811  24.5  32.1   3.10   1.1   0.0
  2 2006 278  15083  25.0  31.0   3.00   1.3   0.0
  2 2006 279  12887  24.3  30.5   3.00   1.1   0.0
  2 2006 280   7883  22.6  28.0   2.95   1.1   0.0
  2 2006 281  11915  22.4  29.4   2.82   1.3   4.0
  2 2006 282  14615  23.7  31.1   2.99   1.1   0.0
  2 2006 283  19078  22.5  31.5   2.71   1.0   0.0
  2 2006 284  20806  22.9  32.6   2.93   1.0  36.8
  2 2006 285  14183  23.0  30.5   2.97   0.8   0.0
  2 2006 286  17999  22.8  32.1   2.90   1.0   0.0
  2 2006 287  10115  23.7  28.6   2.79   1.0   0.0
  2 2006 288  22606  22.8  32.6   2.73   1.0   0.0
  2 2006 289  11915  23.1  31.5   2.85   0.9   1.8
  2 2006 290  15587  24.5  30.6   3.19   1.2   0.0
  2 2006 291  16091  23.9  31.0   2.69   1.7   0.0
  2 2006 292  20410  23.0  31.5   2.75   1.6   0.0
  2 2006 293  20878  23.0  32.2   2.60   1.6   0.0
  2 2006 294  22102  23.8  32.5   2.67   1.1   0.3
  2 2006 295  13895  24.0  30.6   2.88   1.4   0.0
  2 2006 296  16991  24.0  32.0   2.83   1.3   0.4
  2 2006 297  10187  23.1  30.3   2.75   1.5   1.6
  2 2006 298  12887  24.0  30.5   2.99   1.4  20.0
  2 2006 299   4896  24.1  26.2   2.85   0.7   1.7
  2 2006 300  17315  22.4  31.5   2.77   1.0   0.0
  2 2006 301  14903  24.9  31.6   2.73   1.2   0.1
  2 2006 302   3420  22.5  28.2   2.89   2.0   3.8
  2 2006 303   6587  24.6  29.8   2.84   1.7   0.9
  2 2006 304  15191  24.2  32.5   2.98   1.3   0.0
  2 2006 305  14903  23.2  32.4   3.17   1.1   2.0
  2 2006 306  14003  23.4  31.5   2.95   0.9   7.0
  2 2006 307  16811  22.5  33.1   2.97   0.8   5.6
  2 2006 308  13787  24.5  32.0   3.04   1.0  61.4
  2 2006 309  17711  23.0  32.4   3.10   0.9   1.1
  2 2006 310  19798  24.0  32.5   2.86   1.3   0.0
  2 2006 311  11195  25.0  30.5   2.88   1.5  14.7
  2 2006 312  16199  24.1  31.0   2.89   1.5   0.2
  2 2006 313  17891  24.1  31.4   2.94   1.5   5.4
  2 2006 314  12707  25.0  30.4   2.83   1.2   0.0
  2 2006 315  13715  23.0  31.8   2.84   1.3   0.0
  2 2006 316   9287  23.9  31.6   2.97   1.2  29.8
  2 2006 317  14111  24.8  30.5   3.01   1.0   6.8
  2 2006 318  18898  24.5  32.2   2.89   1.4   1.4
  2 2006 319  13103  25.3  31.0   2.97   1.7  30.2
  2 2006 320   6192  24.0  28.0   2.54   1.3   9.5
  2 2006 321  19510  23.7  31.7   3.07   1.8   0.0
  2 2006 322  14795  25.0  31.7   2.90   1.5   0.0
  2 2006 323  18215  23.8  31.6   3.05   1.6   0.0
  2 2006 324  18683  25.0  32.4   2.80   1.7   0.0
  2 2006 325  18215  24.6  31.9   2.95   1.5   0.0
  2 2006 326  19294  23.9  33.0   2.87   1.1   0.0
  2 2006 327  16091  25.2  32.4   2.91   1.4   0.0
  2 2006 328  14291  25.0  31.7   2.93   1.2   1.6
  2 2006 329  17099  25.0  32.0   2.95   1.6   0.0
  2 2006 330  14111  25.0  31.5   2.77   1.2   0.0
  2 2006 331  11591  23.4  30.7   2.82   1.2   0.0
  2 2006 332  20698  22.6  32.1   2.77   1.6   0.0
  2 2006 333  15083  23.5  31.1   2.69   2.0   0.0
  2 2006 334   4212  22.8  28.0   2.57   5.2  52.8
  2 2006 335  11195  25.0  29.2   2.51   4.2   0.0
  2 2006 336  16595  23.0  32.2   2.77   1.6   0.0
  2 2006 337  12383  25.0  30.9   2.80   1.6   0.0
  2 2006 338   9791  25.2  30.0   2.88   1.4  13.0
  2 2006 339  15083  24.1  30.8   2.74   1.8   0.0
  2 2006 340  14615  24.5  29.9   2.79   1.8   3.7
  2 2006 341  19186  24.5  31.4   2.83   1.9   3.6
  2 2006 342  16487  24.5  31.0   2.82   2.1   1.2
  2 2006 343  10115  24.4  29.5   2.75   3.5  50.8
  2 2006 344   5112  23.0  27.5   2.67   3.4 133.4
  2 2006 345  10691  22.4  29.6   2.82   2.3  19.4
  2 2006 346  18287  23.2  32.0   2.94   1.5   0.0
  2 2006 347  13607  25.0  30.7   2.89   1.4   0.0
  2 2006 348  18395  23.0  31.4   2.94   1.2   0.0
  2 2006 349  13895  25.4  31.0   2.87   1.9   0.8
  2 2006 350  17891  25.0  31.5   2.80   1.6   0.0
  2 2006 351  16199  23.3  30.6   2.73   3.2   0.4
  2 2006 352   4500  24.1  26.1   2.44   2.9   0.2
  2 2006 353   8099  23.6  27.7   2.51   2.8   0.2
  2 2006 354  10115  24.4  29.1   2.48   2.9  13.0
  2 2006 355   8495  23.2  26.8   2.87   1.2   9.2
  2 2006 356  11195  24.0  28.8   2.62   2.3   0.0
  2 2006 357   7199  24.2  27.6   2.53   2.0  14.4
  2 2006 358   6695  23.0  26.5   2.67   1.8   0.1
  2 2006 359   8783  23.1  28.1   2.45   1.3   0.0
  2 2006 360  12311  23.6  29.2   2.74   1.5   0.4
  2 2006 361  10799  23.9  29.4   2.56   2.2   0.0
  2 2006 362   9611  24.0  28.5   2.55   2.2   0.0
  2 2006 363   8891  24.1  27.6   2.60   2.4   6.4
  2 2006 364   6299  23.5  26.8   2.67   2.1   1.8
  2 2006 365   7703  23.5  28.1   2.67   2.3   0.0
";}}s:20:"custom_result_object";a:0:{}s:11:"current_row";i:0;s:8:"num_rows";i:1;s:8:"row_data";N;}