O:12:"CI_DB_result":8:{s:7:"conn_id";N;s:9:"result_id";N;s:12:"result_array";a:1:{i:0;a:9:{s:2:"id";s:2:"10";s:7:"country";s:11:"Philippines";s:12:"station_code";s:1:"2";s:12:"country_code";s:4:"phil";s:13:"site_latitude";s:6:"121.15";s:14:"site_longitude";N;s:13:"site_altitude";N;s:4:"year";s:4:"1979";s:4:"data";s:19806:"*-----------------------------------------------------------
*  Station Name: IRDR0002    IRRI dryland site, Los Banos
*  Author      : Climate Unit, IRRI    -99.: nil value
*  Source      : International Rice Research Institute (IRRI)
*
*  Comments    : This file is extracted from CLICOM database.
*  Longitude:  121 15 E   Latitude: 14 13 N    Altitude: 23.0 m
*
*  Column    Daily Value
*     1      Station number
*     2      Year
*     3      Day
*     4      irradiance         KJ m-2 d-1
*     5      min temperature            oC
*     6      max temperature            oC
*     7      vapor pressure            kPa
*     8      mean wind speed         m s-1
*     9      precipitation          mm d-1
*-----------------------------------------------------------
121.25  14.22  23.0  0.00  0.00
  2 1979   1  10655  21.6  29.5   2.75   1.4   1.3
  2 1979   2   7739  21.7  28.8   2.70   1.4   0.0
  2 1979   3  11699  22.5  29.7   2.67   0.9   0.0
  2 1979   4  14003  20.9  29.7   2.57   0.8   0.0
  2 1979   5  17315  17.9  29.5   2.43   0.7   0.0
  2 1979   6  16091  18.0  30.0   2.59   0.6   0.0
  2 1979   7   9395  18.0  27.7   2.62   0.5   0.8
  2 1979   8  13355  20.2  29.7   2.55   0.3   0.0
  2 1979   9   9179  19.0  27.8   2.73   0.7   0.2
  2 1979  10  16919  20.2  30.1   2.63   0.6   0.0
  2 1979  11  16919  19.6  29.6   2.70   0.6   0.0
  2 1979  12  16703  19.1  30.0   2.61   0.5   0.0
  2 1979  13  17747  20.1  28.7   2.45   1.2   0.0
  2 1979  14  12311  18.1  28.2   2.44   0.5   1.3
  2 1979  15  11699  20.7  28.2   2.61   0.7   0.5
  2 1979  16  10439  19.6  29.0   2.53   1.1   0.0
  2 1979  17  11267  19.8  28.5   2.60   0.4   0.0
  2 1979  18  14399  21.2  30.7   2.90   0.1   0.0
  2 1979  19  16271  22.0  31.9   3.09   0.8   0.0
  2 1979  20   8963  22.9  30.2   3.06   0.8   0.5
  2 1979  21  15443  22.0  30.5   3.03   1.0   0.0
  2 1979  22  16703  22.4  29.7   2.69   1.3   0.0
  2 1979  23  19006  20.4  30.2   2.69   1.2   0.2
  2 1979  24  16271  21.1  30.3   2.64   1.2   0.0
  2 1979  25  16271  20.8  30.3   2.77   1.2   0.0
  2 1979  26  16703  20.2  30.6   2.69   1.0   0.0
  2 1979  27  16487  20.6  30.5   2.73   0.8   0.0
  2 1979  28  16091  21.1  30.0   2.85   0.5   0.0
  2 1979  29  14183  20.3  31.5   2.89   0.4   0.0
  2 1979  30  17747  22.2  31.6   2.96   0.4   4.1
  2 1979  31  19618  21.1  31.5   2.98   0.3   0.0
  2 1979  32  17531  22.7  31.0   2.71   0.5   0.0
  2 1979  33  14399  21.3  29.7   2.79   0.9   0.0
  2 1979  34  18179  21.8  30.5   2.88   0.8   0.0
  2 1979  35  10223  22.5  29.0   3.03   0.6   0.0
  2 1979  36  18575  22.0  31.5   2.88   1.0   0.0
  2 1979  37  15659  20.5  30.7   2.88   1.0   0.0
  2 1979  38  20878  20.8  31.0   2.76   0.9   0.0
  2 1979  39  16091  20.7  30.5   2.76   0.9   0.0
  2 1979  40  16271  21.0  32.0   2.76   0.9   0.0
  2 1979  41  11267  21.8  31.5   2.91   0.7   0.0
  2 1979  42  20050  21.3  31.5   2.94   1.0   0.0
  2 1979  43  21706  21.0  31.5   2.76   1.2   0.0
  2 1979  44  12527  22.0  31.0   2.79   0.7   5.1
  2 1979  45  20050  21.0  32.0   2.97   0.2   0.0
  2 1979  46  20662  20.8  32.5   2.85   0.5   0.0
  2 1979  47  10223  22.5  29.0   2.81   0.5   0.2
  2 1979  48  17747  21.8  31.0   2.76   0.6   0.0
  2 1979  49  17135  22.0  31.5   2.90   0.6   0.0
  2 1979  50  20878  21.9  31.8   2.81   0.2   0.0
  2 1979  51  19402  20.3  32.2   2.85   0.5   0.0
  2 1979  52  17135  20.0  33.0   2.85   0.4   0.0
  2 1979  53  21094  20.7  34.0   2.81   0.4   0.0
  2 1979  54  22354  20.0  33.5   2.72   0.2   0.0
  2 1979  55  21706  20.2  34.0   2.97   0.2   0.0
  2 1979  56  20446  22.0  33.5   2.90   0.4   0.0
  2 1979  57  22138  19.6  33.0   2.69   0.5   0.0
  2 1979  58  19618  19.8  32.7   2.60   0.8   0.0
  2 1979  59  15443  22.0  31.6   2.72   1.0   0.0
  2 1979  60  17531  21.4  31.0   2.52   1.6   0.0
  2 1979  61  22138  21.3  31.0   2.52   1.7   0.0
  2 1979  62  20878  21.1  31.7   2.47   0.9   0.0
  2 1979  63  15659  20.7  31.9   2.60   1.5   0.0
  2 1979  64  11267  20.4  28.5   2.68   1.1   0.2
  2 1979  65  20266  20.8  31.7   2.65   1.3   0.0
  2 1979  66  22534  19.5  32.2   2.38   1.3   0.0
  2 1979  67  22750  20.2  32.9   2.53   1.6   0.0
  2 1979  68  20266  21.5  33.7   2.70   1.6   0.0
  2 1979  69  15875  20.5  32.0   2.88   0.8   0.5
  2 1979  70  16091  20.7  33.6   2.78   0.9   0.0
  2 1979  71  23578  20.1  35.0   2.89   1.3   0.0
  2 1979  72  21310  18.9  32.6   2.53   1.0   0.0
  2 1979  73  24622  19.3  33.2   2.57   1.1   0.0
  2 1979  74  22750  20.2  33.5   2.65   1.3   0.0
  2 1979  75  23398  20.1  33.6   2.64   1.5   0.0
  2 1979  76  21490  21.7  33.5   2.73   0.9   1.5
  2 1979  77  10871  21.7  32.5   2.86   0.7   0.2
  2 1979  78  21310  22.2  35.1   2.89   1.3   0.0
  2 1979  79  23794  21.0  34.3   2.58   0.4   0.0
  2 1979  80  22534  21.7  34.1   2.62   0.6   0.0
  2 1979  81  20878  23.1  34.6   2.85   1.0   0.0
  2 1979  82  22354  22.0  34.2   2.83   0.5   0.0
  2 1979  83  23578  20.9  35.0   2.93   1.2   0.0
  2 1979  84  22750  21.8  35.2   2.86   1.6   0.0
  2 1979  85  22966  20.1  34.9   2.76   1.6   0.0
  2 1979  86  23398  21.5  35.5   2.84   1.4   0.0
  2 1979  87  24226  20.8  35.0   2.90   1.6   0.0
  2 1979  88  19834  21.3  35.9   2.85   1.8   0.0
  2 1979  89  26530  20.3  35.3   2.70   1.0   0.0
  2 1979  90  14831  22.4  34.5   2.86   0.6   0.0
  2 1979  91  15659  20.5  34.5   2.86   0.8   0.0
  2 1979  92  17315  21.5  34.5   2.89   0.9   0.0
  2 1979  93  20446  23.5  35.2   2.80   1.3   0.0
  2 1979  94  25270  21.0  36.0   2.62   1.0   0.0
  2 1979  95  25486  22.0  36.0   2.89   1.7   0.0
  2 1979  96  22966  23.0  36.2   2.95   2.0   0.0
  2 1979  97  22750  23.9  35.0   2.97   1.4   0.8
  2 1979  98  21490  23.7  35.5   3.25   0.7   2.8
  2 1979  99  25054  22.9  35.5   3.36   2.2   0.2
  2 1979 100  24442  22.7  35.8   2.93   2.0   0.0
  2 1979 101  22534  24.0  35.6   3.06   2.1   0.0
  2 1979 102  16703  23.5  33.5   2.73   1.4   1.5
  2 1979 103  23794  22.0  35.0   3.06   1.6  13.2
  2 1979 104  12743  22.5  30.5   3.03   1.0   8.6
  2 1979 105  19618  23.3  33.5   3.08   1.7   0.5
  2 1979 106   2700  24.7  28.0   3.06   1.2  87.6
  2 1979 107   2700  23.0  26.7   3.07   1.2  65.3
  2 1979 108  19618  23.0  33.5   2.94   0.9   0.0
  2 1979 109  24226  23.0  33.7   2.99   1.1   0.0
  2 1979 110  23794  22.0  32.8   3.01   0.6   0.0
  2 1979 111  18575  23.8  34.0   3.25   0.9   0.2
  2 1979 112  19222  24.2  34.3   3.15   0.4   0.0
  2 1979 113  19006  25.0  34.0   3.06   1.2   0.0
  2 1979 114  17747  24.5  33.5   3.22   0.8   0.2
  2 1979 115  24838  23.5  35.0   3.09   0.9   0.0
  2 1979 116  24622  24.0  35.2   3.29   0.3   0.0
  2 1979 117  17135  24.0  33.5   3.29   0.4   0.0
  2 1979 118  24442  22.8  35.0   3.19   1.3   0.0
  2 1979 119  24838  24.5  36.0   3.02   1.5   0.0
  2 1979 120  22354  24.0  35.0   2.95   1.3   0.0
  2 1979 121  24838  23.1  35.3   3.01   1.2   0.0
  2 1979 122  20050  23.4  34.7   3.28   0.7   0.0
  2 1979 123  16271  23.7  32.5   3.15   0.4  10.2
  2 1979 124  22534  24.1  34.1   3.15   0.7   0.0
  2 1979 125  23182  23.6  34.0   3.19   0.4   0.0
  2 1979 126  24622  23.5  34.8   2.99   1.3   0.0
  2 1979 127  17747  22.5  33.1   2.99   0.6   0.0
  2 1979 128  25666  23.0  34.9   3.18   1.0   0.0
  2 1979 129  25486  22.7  36.4   3.15   1.6   0.0
  2 1979 130  24622  23.2  35.4   2.88   1.7   0.0
  2 1979 131  20266  24.0  35.5   3.15   1.4   2.3
  2 1979 132   7307  24.8  29.0   3.19   0.2  49.8
  2 1979 133   5832  22.7  28.5   3.12   0.2  11.2
  2 1979 134   6048  23.2  29.0   2.98   1.8  88.9
  2 1979 135   9611  21.7  29.9   2.93   0.7   0.8
  2 1979 136  19402  24.4  32.2   3.25   0.8   6.1
  2 1979 137  15875  23.2  31.7   3.30   0.9  13.0
  2 1979 138  12527  23.5  30.2   3.26   0.8   6.4
  2 1979 139  18179  21.6  32.3   3.11   0.4  17.8
  2 1979 140  22534  23.8  32.7   3.53   0.6   0.0
  2 1979 141  20446  23.5  32.7   3.24   0.3   3.6
  2 1979 142  19006  22.5  32.2   3.21   0.1  12.7
  2 1979 143  20050  22.6  32.4   3.20   0.4   2.8
  2 1979 144   9395  23.6  29.7   3.15   0.7  14.2
  2 1979 145  16703  23.2  32.2   3.00   0.2   0.0
  2 1979 146  16091  22.6  31.7   3.14 -99.0   0.0
  2 1979 147  19222  24.0  31.6   3.43   0.3   0.0
  2 1979 148  11699  23.2  31.4   3.24   0.2  15.8
  2 1979 149  15875  23.0  30.5   3.04   0.2   0.8
  2 1979 150  20050  24.3  32.3   3.14   0.4   0.0
  2 1979 151  10655  23.8  31.5   3.23   0.3  13.7
  2 1979 152  12095  22.5  31.7   3.19   0.3  46.2
  2 1979 153  20266  23.5  31.0   3.29   0.5   0.0
  2 1979 154  13139  23.6  30.5   3.29   0.2  37.1
  2 1979 155  19222  22.7  31.5   3.19   0.1   5.3
  2 1979 156  20050  23.3  32.9   3.43   0.1   1.0
  2 1979 157  14003  24.7  33.1   3.39   0.1   1.5
  2 1979 158  22534  23.9  33.7   3.27   0.2   0.0
  2 1979 159  18179  24.5  33.7   3.40   0.3   0.2
  2 1979 160  20446  23.5  34.0   3.15   0.1   0.2
  2 1979 161  17315  23.5  34.3   3.34   0.4   0.0
  2 1979 162  20446  24.0  34.5   3.22   0.5   8.4
  2 1979 163  21094  23.5  35.0   3.39   0.2   0.0
  2 1979 164  11699  24.0  30.5   3.25   0.1   5.6
  2 1979 165  14183  24.5  33.5   3.29   0.4  26.7
  2 1979 166   8783  21.8  27.6   3.21   0.1   6.1
  2 1979 167   8567  23.7  30.1   3.23   0.1  43.7
  2 1979 168  15659  23.5  31.7   3.16   0.3   1.3
  2 1979 169  12743  24.2  30.5   3.26   0.5   1.3
  2 1979 170   8963  24.0  30.0   3.16   1.1  50.3
  2 1979 171  12959  23.6  30.5   3.03   0.3   0.0
  2 1979 172  19618  23.5  32.0   3.22   0.6   0.0
  2 1979 173  22354  23.0  32.2   3.16   1.3   1.0
  2 1979 174  15047  24.0  30.5   3.16   1.6   1.8
  2 1979 175  12959  24.0  30.5   3.19   0.3   0.2
  2 1979 176  20662  23.0  33.2   3.09   0.6   3.8
  2 1979 177  19618  23.0  32.8   3.19 -99.0   3.0
  2 1979 178  21094  23.0  33.0   3.32   0.1   0.0
  2 1979 179  22966  23.0  33.0   3.29   0.2  17.5
  2 1979 180  14831  24.0  30.6   3.22   0.1   3.0
  2 1979 181  15047  23.8  32.5   3.17   0.1   1.8
  2 1979 182  22138  23.0  33.0   3.31   0.2  19.0
  2 1979 183  19618  23.2  31.8   3.38   0.3   0.5
  2 1979 184   6695  25.5  29.1   3.08   2.6   4.6
  2 1979 185   5832  24.0  28.5   3.25   2.0  29.2
  2 1979 186   9179  23.7  31.1   2.97   0.7   3.8
  2 1979 187  16919  24.4  31.4   3.21   0.6   1.3
  2 1979 188   8351  24.4  29.5   3.17   0.7   4.8
  2 1979 189  14399  24.0  30.4   3.09   0.6   0.2
  2 1979 190  15659  24.2  30.3   3.12   0.9   2.0
  2 1979 191  22750  22.5  33.3   3.19   0.1   0.2
  2 1979 192  24010  23.1  33.0   3.41   0.1   0.0
  2 1979 193  22966  23.4  33.7   3.34   0.1   0.0
  2 1979 194  26314  23.1  34.0   3.32   0.1   0.0
  2 1979 195  15227  23.5  31.8   3.53 -99.0   3.0
  2 1979 196  15659  22.0  31.2   3.22 -99.0   0.5
  2 1979 197  23578  22.2  33.1   3.19   0.1   0.0
  2 1979 198  22750  23.0  34.2   3.47   0.1   0.0
  2 1979 199  27142  23.0  33.3   3.38   0.2   0.0
  2 1979 200  25054  23.1  33.5   3.15   0.3   0.0
  2 1979 201  20662  23.0  34.0   3.28   0.4   0.0
  2 1979 202  26926  22.8  34.0   3.15   0.4   0.2
  2 1979 203  20446  24.6  33.8   3.30   0.6   2.8
  2 1979 204  21094  24.0  31.7   3.29   0.1  13.7
  2 1979 205  16271  23.0  31.2   3.19   0.6   0.8
  2 1979 206  18575  23.0  30.7   3.03   0.1   0.0
  2 1979 207  12959  23.3  30.7   3.29   0.2   0.0
  2 1979 208  11267  24.0  30.5   3.13   0.5   6.4
  2 1979 209   6875  24.0  28.7   3.19   0.8   4.8
  2 1979 210  11699  24.0  30.1   3.19   1.2   2.0
  2 1979 211  13787  24.1  30.0   3.12   0.7  18.0
  2 1979 212   7091  23.6  27.3   2.74   3.0   1.5
  2 1979 213  17135  21.5  30.3   3.21   0.8   0.0
  2 1979 214  16091  23.8  32.3   3.19   0.5  23.9
  2 1979 215  15227  21.5  30.3   3.19   0.2   6.6
  2 1979 216  17531  23.2  29.7   3.39   0.5   0.0
  2 1979 217  12959  24.0  31.0   3.26   0.7  21.1
  2 1979 218   6048  23.8  28.1   3.23   0.1  14.7
  2 1979 219   7307  23.5  28.7   3.04   0.5   6.4
  2 1979 220   5832  25.5  27.5   3.13 -99.0   7.4
  2 1979 221  13355  22.0  30.5   3.03   0.2   0.2
  2 1979 222  22354  21.5  33.0   3.32   0.7   0.0
  2 1979 223   8351  23.5  29.9   3.21   0.9  18.8
  2 1979 224   6875  22.7  27.3   3.19   1.6  36.3
  2 1979 225   8135  21.5  28.5   3.07   3.6  14.2
  2 1979 226  12311  21.3  29.0   3.13   3.3  67.8
  2 1979 227    828  20.3  27.0   2.95   2.8  89.4
  2 1979 228   3564  22.0  29.5   3.21   1.4  24.4
  2 1979 229  20446  23.0  31.5   3.45   1.2   0.0
  2 1979 230  24442  23.1  32.3   3.32   0.4   0.0
  2 1979 231  19402  21.6  32.5   3.38   0.4   0.0
  2 1979 232  23398  21.2  32.5   3.19   0.5   0.0
  2 1979 233  25486  22.8  33.0   3.22   2.9   0.0
  2 1979 234  21490  24.3  33.0   3.19   2.9   0.0
  2 1979 235  19618  25.5  32.5   3.29   3.2   0.0
  2 1979 236  19006  25.0  33.0   3.25   0.4   0.0
  2 1979 237  22138  21.5  32.6   3.46   0.3   0.0
  2 1979 238  18575  22.2  32.7   3.34   0.3   0.0
  2 1979 239  24442  22.3  34.2   3.29   0.2   0.0
  2 1979 240  23794  22.6  34.0   3.46   0.4   0.0
  2 1979 241  18179  23.5  31.8   3.32   0.2  34.8
  2 1979 242  14831  22.3  32.0   3.33   0.1   3.3
  2 1979 243  20446  22.5  31.3   3.16   0.1   3.0
  2 1979 244  16487  22.2  32.0   3.39   0.1   0.8
  2 1979 245  14399  21.5  31.2   3.43   0.1   1.8
  2 1979 246  20266  21.6  32.2   3.29 -99.0   0.0
  2 1979 247  19618  22.4  33.4   3.08   0.1   0.0
  2 1979 248  23794  23.3  33.1   3.31   0.2   0.0
  2 1979 249  25270  23.9  34.0   3.49   0.3   0.0
  2 1979 250  22534  23.9  32.6   3.47   0.6   0.0
  2 1979 251  22354  22.1  34.1   3.57   0.4   0.0
  2 1979 252  19618  22.5  33.5   3.47   0.1   0.0
  2 1979 253  17135  21.9  33.0   3.25   0.1   0.0
  2 1979 254  17963  22.2  31.6   3.26   0.3  14.5
  2 1979 255  16703  23.2  31.3   3.39   0.2   0.2
  2 1979 256  10007  23.1  29.1   3.42 -99.0  36.1
  2 1979 257   3132  23.2  27.3   3.07 -99.0  21.8
  2 1979 258   8963  23.3  28.8   3.29 -99.0   8.1
  2 1979 259  10007  23.4  30.5   3.39 -99.0  35.0
  2 1979 260  21922  20.6  32.6   3.19   0.1   2.8
  2 1979 261  13139  22.5  31.9   3.36   2.6 126.5
  2 1979 262   3132  21.6  25.6   2.93   1.5  51.8
  2 1979 263  14183  22.0  30.0   3.11 -99.0   0.0
  2 1979 264  15227  22.4  30.8   3.42 -99.0   0.0
  2 1979 265  24010  22.2  32.4   3.36 -99.0   0.0
  2 1979 266  15659  23.4  32.8   3.25 -99.0   2.0
  2 1979 267  20446  22.5  32.1   3.32 -99.0   0.8
  2 1979 268  24010  22.9  32.5   3.41 -99.0   0.2
  2 1979 269  20266  24.0  32.8   3.39   0.1  19.8
  2 1979 270  20050  23.5  32.7   3.40   0.1   3.8
  2 1979 271  10007  23.9  30.2   3.35 -99.0  40.9
  2 1979 272  14831  22.5  29.5   3.36 -99.0   0.0
  2 1979 273   8963  22.9  30.3   3.49   0.3  17.0
  2 1979 274   5652  23.0  27.2   3.07   0.9  16.8
  2 1979 275   7307  22.5  27.5   2.95   1.0   4.3
  2 1979 276  12959  24.0  29.5   3.16   2.0   6.4
  2 1979 277   7523  22.5  30.0   3.10   0.4   0.8
  2 1979 278   4176  23.5  25.6   2.98 -99.0  44.2
  2 1979 279   5004  22.6  26.2   2.99   0.3   3.6
  2 1979 280   8135  22.4  27.5   3.03   0.5   2.0
  2 1979 281   9611  23.0  28.2   3.00   0.8   3.6
  2 1979 282   9827  21.8  28.6   2.88   0.6   1.0
  2 1979 283  12311  23.0  30.2   3.06 -99.0   4.1
  2 1979 284  14183  22.9  31.1   3.16   0.1   0.0
  2 1979 285  22354  22.8  31.7   3.22 -99.0   0.0
  2 1979 286  18179  21.4  32.0   3.41 -99.0   0.0
  2 1979 287  15047  21.9  30.8   3.39 -99.0   5.3
  2 1979 288  20878  24.2  31.8   3.19   0.6   0.0
  2 1979 289  13787  23.3  32.7   2.93   0.5   0.0
  2 1979 290  19618  22.5  32.5   2.96   1.3   0.0
  2 1979 291   8963  24.5  29.0   3.09   1.2   0.2
  2 1979 292  16091  23.2  30.0   3.13   0.1   2.0
  2 1979 293  11267  22.2  30.2   3.19   0.1   0.0
  2 1979 294  12743  23.2  32.4   3.36   0.8  18.3
  2 1979 295  15443  22.6  30.5   3.17   1.5   0.0
  2 1979 296  18359  22.9  31.5   3.12   1.8   0.0
  2 1979 297  19006  23.3  32.0   3.25   1.4   0.0
  2 1979 298  21094  22.5  31.5   3.06   1.4   0.0
  2 1979 299  17531  22.9  32.0   2.88   1.0   0.0
  2 1979 300  18575  23.5  31.5   3.19   0.6   0.0
  2 1979 301  11915  23.4  32.5   3.35   0.2  10.9
  2 1979 302  16271  24.0  32.0   3.26   0.5   0.0
  2 1979 303  14183  24.0  32.2   3.19   0.7  11.2
  2 1979 304   9395  23.5  28.4   3.00   0.5   0.0
  2 1979 305  14003  23.3  30.0   3.23   0.6   5.3
  2 1979 306  12743  23.5  28.5   3.10   0.3   3.3
  2 1979 307  10223  23.5  30.7   3.10   0.4   3.8
  2 1979 308  15047  23.1  30.8   3.26   0.5   1.3
  2 1979 309   7523  23.3  29.1   3.16   0.4   5.3
  2 1979 310  10223  23.0  30.2   3.15   1.0   0.0
  2 1979 311  15227  23.0  32.1   3.40   0.6   0.0
  2 1979 312  16919  21.8  32.7   3.16   0.1   0.2
  2 1979 313  14399  23.1  31.1   3.06   0.1   0.0
  2 1979 314  14003  23.4  31.7   3.46 -99.0   7.6
  2 1979 315  14399  22.6  30.9   3.23 -99.0   0.2
  2 1979 316  14003  24.4  30.8   3.39   1.0   0.0
  2 1979 317  18790  23.0  32.4   3.26   0.5   0.5
  2 1979 318  10223  22.5  30.3   3.21   0.4  20.1
  2 1979 319  15443  21.9  29.8   3.19   0.9  33.8
  2 1979 320  10007  23.4  29.7   3.32   0.3   0.5
  2 1979 321  16703  24.0  30.3   3.36   0.8   0.0
  2 1979 322   6695  23.1  27.8   3.25 -99.0  28.7
  2 1979 323  11483  22.4  28.8   3.00   0.4   4.3
  2 1979 324   9611  22.6  28.1   2.92   0.7   2.8
  2 1979 325  13571  23.0  29.8   2.98   0.4   0.2
  2 1979 326  16271  22.2  30.6   3.12   0.5   0.0
  2 1979 327  16487  22.9  30.7   3.19   1.0   0.8
  2 1979 328  10439  22.5  29.7   3.06   0.5   2.5
  2 1979 329  11699  23.5  30.0   3.27   0.7   1.3
  2 1979 330   7739  23.8  27.9   3.15   0.5   8.9
  2 1979 331  10223  22.1  28.0   2.93   0.3   4.6
  2 1979 332  18790  22.3  29.7   3.10   0.7   0.0
  2 1979 333  13355  22.4  28.5   2.99   1.0   0.2
  2 1979 334   8567  23.2  27.0   3.00   1.2   2.5
  2 1979 335   3132  22.5  25.5   2.83   0.7   0.5
  2 1979 336  10007  22.5  27.8   2.82   1.7   0.0
  2 1979 337  11699  20.6  27.4   2.72   0.9   0.2
  2 1979 338  16487  19.4  28.5   2.77   0.8   0.0
  2 1979 339  17135  20.5  29.5   2.79   0.7   0.0
  2 1979 340  18179  20.7  29.5   2.97   0.7   0.0
  2 1979 341  14399  21.7  30.1   3.00   0.7   1.5
  2 1979 342  13139  22.0  28.8   2.94   1.3   1.0
  2 1979 343  11915  21.6  28.5   2.88   0.9   0.0
  2 1979 344  12095  21.3  29.0   2.74   0.9   0.0
  2 1979 345  17135  20.0  28.7   2.67   0.6   0.0
  2 1979 346  15047  17.0  27.5   2.62   0.7   0.0
  2 1979 347  18790  19.0  28.3   2.59   1.0   0.2
  2 1979 348   8351  20.5  26.8   2.62   0.8   0.0
  2 1979 349  17315  19.8  27.9   2.62   0.9   0.0
  2 1979 350  18790  19.9  28.7   2.64   0.7   0.0
  2 1979 351  14831  20.7  29.5   2.88   0.8   0.0
  2 1979 352  15659  20.8  29.3   2.71   0.9   0.0
  2 1979 353  16091  19.8  29.5   2.73   0.3   1.5
  2 1979 354  12527  22.5  29.7   2.74   0.6   0.0
  2 1979 355  10007  20.0  28.9   2.71   0.4  10.9
  2 1979 356   2088  22.0  26.7   2.86   0.4  34.0
  2 1979 357  12743  23.1  31.0   3.15   0.2   0.0
  2 1979 358   8351  22.5  28.6   2.93   0.2   0.2
  2 1979 359  10223  23.2  27.7   2.91   0.9   0.0
  2 1979 360   6695  22.5  26.3   2.86   0.5   0.8
  2 1979 361   8351  21.8  27.0   2.86   0.2   1.8
  2 1979 362  12527  22.0  28.9   3.13   0.5   0.8
  2 1979 363  19222  22.0  30.0   2.90   0.7   0.0
  2 1979 364  13571  20.0  29.5   3.03   0.2   0.0
  2 1979 365  18179  20.5  29.4   2.91   0.2   0.0
";}}s:13:"result_object";a:1:{i:0;O:8:"stdClass":9:{s:2:"id";s:2:"10";s:7:"country";s:11:"Philippines";s:12:"station_code";s:1:"2";s:12:"country_code";s:4:"phil";s:13:"site_latitude";s:6:"121.15";s:14:"site_longitude";N;s:13:"site_altitude";N;s:4:"year";s:4:"1979";s:4:"data";s:19806:"*-----------------------------------------------------------
*  Station Name: IRDR0002    IRRI dryland site, Los Banos
*  Author      : Climate Unit, IRRI    -99.: nil value
*  Source      : International Rice Research Institute (IRRI)
*
*  Comments    : This file is extracted from CLICOM database.
*  Longitude:  121 15 E   Latitude: 14 13 N    Altitude: 23.0 m
*
*  Column    Daily Value
*     1      Station number
*     2      Year
*     3      Day
*     4      irradiance         KJ m-2 d-1
*     5      min temperature            oC
*     6      max temperature            oC
*     7      vapor pressure            kPa
*     8      mean wind speed         m s-1
*     9      precipitation          mm d-1
*-----------------------------------------------------------
121.25  14.22  23.0  0.00  0.00
  2 1979   1  10655  21.6  29.5   2.75   1.4   1.3
  2 1979   2   7739  21.7  28.8   2.70   1.4   0.0
  2 1979   3  11699  22.5  29.7   2.67   0.9   0.0
  2 1979   4  14003  20.9  29.7   2.57   0.8   0.0
  2 1979   5  17315  17.9  29.5   2.43   0.7   0.0
  2 1979   6  16091  18.0  30.0   2.59   0.6   0.0
  2 1979   7   9395  18.0  27.7   2.62   0.5   0.8
  2 1979   8  13355  20.2  29.7   2.55   0.3   0.0
  2 1979   9   9179  19.0  27.8   2.73   0.7   0.2
  2 1979  10  16919  20.2  30.1   2.63   0.6   0.0
  2 1979  11  16919  19.6  29.6   2.70   0.6   0.0
  2 1979  12  16703  19.1  30.0   2.61   0.5   0.0
  2 1979  13  17747  20.1  28.7   2.45   1.2   0.0
  2 1979  14  12311  18.1  28.2   2.44   0.5   1.3
  2 1979  15  11699  20.7  28.2   2.61   0.7   0.5
  2 1979  16  10439  19.6  29.0   2.53   1.1   0.0
  2 1979  17  11267  19.8  28.5   2.60   0.4   0.0
  2 1979  18  14399  21.2  30.7   2.90   0.1   0.0
  2 1979  19  16271  22.0  31.9   3.09   0.8   0.0
  2 1979  20   8963  22.9  30.2   3.06   0.8   0.5
  2 1979  21  15443  22.0  30.5   3.03   1.0   0.0
  2 1979  22  16703  22.4  29.7   2.69   1.3   0.0
  2 1979  23  19006  20.4  30.2   2.69   1.2   0.2
  2 1979  24  16271  21.1  30.3   2.64   1.2   0.0
  2 1979  25  16271  20.8  30.3   2.77   1.2   0.0
  2 1979  26  16703  20.2  30.6   2.69   1.0   0.0
  2 1979  27  16487  20.6  30.5   2.73   0.8   0.0
  2 1979  28  16091  21.1  30.0   2.85   0.5   0.0
  2 1979  29  14183  20.3  31.5   2.89   0.4   0.0
  2 1979  30  17747  22.2  31.6   2.96   0.4   4.1
  2 1979  31  19618  21.1  31.5   2.98   0.3   0.0
  2 1979  32  17531  22.7  31.0   2.71   0.5   0.0
  2 1979  33  14399  21.3  29.7   2.79   0.9   0.0
  2 1979  34  18179  21.8  30.5   2.88   0.8   0.0
  2 1979  35  10223  22.5  29.0   3.03   0.6   0.0
  2 1979  36  18575  22.0  31.5   2.88   1.0   0.0
  2 1979  37  15659  20.5  30.7   2.88   1.0   0.0
  2 1979  38  20878  20.8  31.0   2.76   0.9   0.0
  2 1979  39  16091  20.7  30.5   2.76   0.9   0.0
  2 1979  40  16271  21.0  32.0   2.76   0.9   0.0
  2 1979  41  11267  21.8  31.5   2.91   0.7   0.0
  2 1979  42  20050  21.3  31.5   2.94   1.0   0.0
  2 1979  43  21706  21.0  31.5   2.76   1.2   0.0
  2 1979  44  12527  22.0  31.0   2.79   0.7   5.1
  2 1979  45  20050  21.0  32.0   2.97   0.2   0.0
  2 1979  46  20662  20.8  32.5   2.85   0.5   0.0
  2 1979  47  10223  22.5  29.0   2.81   0.5   0.2
  2 1979  48  17747  21.8  31.0   2.76   0.6   0.0
  2 1979  49  17135  22.0  31.5   2.90   0.6   0.0
  2 1979  50  20878  21.9  31.8   2.81   0.2   0.0
  2 1979  51  19402  20.3  32.2   2.85   0.5   0.0
  2 1979  52  17135  20.0  33.0   2.85   0.4   0.0
  2 1979  53  21094  20.7  34.0   2.81   0.4   0.0
  2 1979  54  22354  20.0  33.5   2.72   0.2   0.0
  2 1979  55  21706  20.2  34.0   2.97   0.2   0.0
  2 1979  56  20446  22.0  33.5   2.90   0.4   0.0
  2 1979  57  22138  19.6  33.0   2.69   0.5   0.0
  2 1979  58  19618  19.8  32.7   2.60   0.8   0.0
  2 1979  59  15443  22.0  31.6   2.72   1.0   0.0
  2 1979  60  17531  21.4  31.0   2.52   1.6   0.0
  2 1979  61  22138  21.3  31.0   2.52   1.7   0.0
  2 1979  62  20878  21.1  31.7   2.47   0.9   0.0
  2 1979  63  15659  20.7  31.9   2.60   1.5   0.0
  2 1979  64  11267  20.4  28.5   2.68   1.1   0.2
  2 1979  65  20266  20.8  31.7   2.65   1.3   0.0
  2 1979  66  22534  19.5  32.2   2.38   1.3   0.0
  2 1979  67  22750  20.2  32.9   2.53   1.6   0.0
  2 1979  68  20266  21.5  33.7   2.70   1.6   0.0
  2 1979  69  15875  20.5  32.0   2.88   0.8   0.5
  2 1979  70  16091  20.7  33.6   2.78   0.9   0.0
  2 1979  71  23578  20.1  35.0   2.89   1.3   0.0
  2 1979  72  21310  18.9  32.6   2.53   1.0   0.0
  2 1979  73  24622  19.3  33.2   2.57   1.1   0.0
  2 1979  74  22750  20.2  33.5   2.65   1.3   0.0
  2 1979  75  23398  20.1  33.6   2.64   1.5   0.0
  2 1979  76  21490  21.7  33.5   2.73   0.9   1.5
  2 1979  77  10871  21.7  32.5   2.86   0.7   0.2
  2 1979  78  21310  22.2  35.1   2.89   1.3   0.0
  2 1979  79  23794  21.0  34.3   2.58   0.4   0.0
  2 1979  80  22534  21.7  34.1   2.62   0.6   0.0
  2 1979  81  20878  23.1  34.6   2.85   1.0   0.0
  2 1979  82  22354  22.0  34.2   2.83   0.5   0.0
  2 1979  83  23578  20.9  35.0   2.93   1.2   0.0
  2 1979  84  22750  21.8  35.2   2.86   1.6   0.0
  2 1979  85  22966  20.1  34.9   2.76   1.6   0.0
  2 1979  86  23398  21.5  35.5   2.84   1.4   0.0
  2 1979  87  24226  20.8  35.0   2.90   1.6   0.0
  2 1979  88  19834  21.3  35.9   2.85   1.8   0.0
  2 1979  89  26530  20.3  35.3   2.70   1.0   0.0
  2 1979  90  14831  22.4  34.5   2.86   0.6   0.0
  2 1979  91  15659  20.5  34.5   2.86   0.8   0.0
  2 1979  92  17315  21.5  34.5   2.89   0.9   0.0
  2 1979  93  20446  23.5  35.2   2.80   1.3   0.0
  2 1979  94  25270  21.0  36.0   2.62   1.0   0.0
  2 1979  95  25486  22.0  36.0   2.89   1.7   0.0
  2 1979  96  22966  23.0  36.2   2.95   2.0   0.0
  2 1979  97  22750  23.9  35.0   2.97   1.4   0.8
  2 1979  98  21490  23.7  35.5   3.25   0.7   2.8
  2 1979  99  25054  22.9  35.5   3.36   2.2   0.2
  2 1979 100  24442  22.7  35.8   2.93   2.0   0.0
  2 1979 101  22534  24.0  35.6   3.06   2.1   0.0
  2 1979 102  16703  23.5  33.5   2.73   1.4   1.5
  2 1979 103  23794  22.0  35.0   3.06   1.6  13.2
  2 1979 104  12743  22.5  30.5   3.03   1.0   8.6
  2 1979 105  19618  23.3  33.5   3.08   1.7   0.5
  2 1979 106   2700  24.7  28.0   3.06   1.2  87.6
  2 1979 107   2700  23.0  26.7   3.07   1.2  65.3
  2 1979 108  19618  23.0  33.5   2.94   0.9   0.0
  2 1979 109  24226  23.0  33.7   2.99   1.1   0.0
  2 1979 110  23794  22.0  32.8   3.01   0.6   0.0
  2 1979 111  18575  23.8  34.0   3.25   0.9   0.2
  2 1979 112  19222  24.2  34.3   3.15   0.4   0.0
  2 1979 113  19006  25.0  34.0   3.06   1.2   0.0
  2 1979 114  17747  24.5  33.5   3.22   0.8   0.2
  2 1979 115  24838  23.5  35.0   3.09   0.9   0.0
  2 1979 116  24622  24.0  35.2   3.29   0.3   0.0
  2 1979 117  17135  24.0  33.5   3.29   0.4   0.0
  2 1979 118  24442  22.8  35.0   3.19   1.3   0.0
  2 1979 119  24838  24.5  36.0   3.02   1.5   0.0
  2 1979 120  22354  24.0  35.0   2.95   1.3   0.0
  2 1979 121  24838  23.1  35.3   3.01   1.2   0.0
  2 1979 122  20050  23.4  34.7   3.28   0.7   0.0
  2 1979 123  16271  23.7  32.5   3.15   0.4  10.2
  2 1979 124  22534  24.1  34.1   3.15   0.7   0.0
  2 1979 125  23182  23.6  34.0   3.19   0.4   0.0
  2 1979 126  24622  23.5  34.8   2.99   1.3   0.0
  2 1979 127  17747  22.5  33.1   2.99   0.6   0.0
  2 1979 128  25666  23.0  34.9   3.18   1.0   0.0
  2 1979 129  25486  22.7  36.4   3.15   1.6   0.0
  2 1979 130  24622  23.2  35.4   2.88   1.7   0.0
  2 1979 131  20266  24.0  35.5   3.15   1.4   2.3
  2 1979 132   7307  24.8  29.0   3.19   0.2  49.8
  2 1979 133   5832  22.7  28.5   3.12   0.2  11.2
  2 1979 134   6048  23.2  29.0   2.98   1.8  88.9
  2 1979 135   9611  21.7  29.9   2.93   0.7   0.8
  2 1979 136  19402  24.4  32.2   3.25   0.8   6.1
  2 1979 137  15875  23.2  31.7   3.30   0.9  13.0
  2 1979 138  12527  23.5  30.2   3.26   0.8   6.4
  2 1979 139  18179  21.6  32.3   3.11   0.4  17.8
  2 1979 140  22534  23.8  32.7   3.53   0.6   0.0
  2 1979 141  20446  23.5  32.7   3.24   0.3   3.6
  2 1979 142  19006  22.5  32.2   3.21   0.1  12.7
  2 1979 143  20050  22.6  32.4   3.20   0.4   2.8
  2 1979 144   9395  23.6  29.7   3.15   0.7  14.2
  2 1979 145  16703  23.2  32.2   3.00   0.2   0.0
  2 1979 146  16091  22.6  31.7   3.14 -99.0   0.0
  2 1979 147  19222  24.0  31.6   3.43   0.3   0.0
  2 1979 148  11699  23.2  31.4   3.24   0.2  15.8
  2 1979 149  15875  23.0  30.5   3.04   0.2   0.8
  2 1979 150  20050  24.3  32.3   3.14   0.4   0.0
  2 1979 151  10655  23.8  31.5   3.23   0.3  13.7
  2 1979 152  12095  22.5  31.7   3.19   0.3  46.2
  2 1979 153  20266  23.5  31.0   3.29   0.5   0.0
  2 1979 154  13139  23.6  30.5   3.29   0.2  37.1
  2 1979 155  19222  22.7  31.5   3.19   0.1   5.3
  2 1979 156  20050  23.3  32.9   3.43   0.1   1.0
  2 1979 157  14003  24.7  33.1   3.39   0.1   1.5
  2 1979 158  22534  23.9  33.7   3.27   0.2   0.0
  2 1979 159  18179  24.5  33.7   3.40   0.3   0.2
  2 1979 160  20446  23.5  34.0   3.15   0.1   0.2
  2 1979 161  17315  23.5  34.3   3.34   0.4   0.0
  2 1979 162  20446  24.0  34.5   3.22   0.5   8.4
  2 1979 163  21094  23.5  35.0   3.39   0.2   0.0
  2 1979 164  11699  24.0  30.5   3.25   0.1   5.6
  2 1979 165  14183  24.5  33.5   3.29   0.4  26.7
  2 1979 166   8783  21.8  27.6   3.21   0.1   6.1
  2 1979 167   8567  23.7  30.1   3.23   0.1  43.7
  2 1979 168  15659  23.5  31.7   3.16   0.3   1.3
  2 1979 169  12743  24.2  30.5   3.26   0.5   1.3
  2 1979 170   8963  24.0  30.0   3.16   1.1  50.3
  2 1979 171  12959  23.6  30.5   3.03   0.3   0.0
  2 1979 172  19618  23.5  32.0   3.22   0.6   0.0
  2 1979 173  22354  23.0  32.2   3.16   1.3   1.0
  2 1979 174  15047  24.0  30.5   3.16   1.6   1.8
  2 1979 175  12959  24.0  30.5   3.19   0.3   0.2
  2 1979 176  20662  23.0  33.2   3.09   0.6   3.8
  2 1979 177  19618  23.0  32.8   3.19 -99.0   3.0
  2 1979 178  21094  23.0  33.0   3.32   0.1   0.0
  2 1979 179  22966  23.0  33.0   3.29   0.2  17.5
  2 1979 180  14831  24.0  30.6   3.22   0.1   3.0
  2 1979 181  15047  23.8  32.5   3.17   0.1   1.8
  2 1979 182  22138  23.0  33.0   3.31   0.2  19.0
  2 1979 183  19618  23.2  31.8   3.38   0.3   0.5
  2 1979 184   6695  25.5  29.1   3.08   2.6   4.6
  2 1979 185   5832  24.0  28.5   3.25   2.0  29.2
  2 1979 186   9179  23.7  31.1   2.97   0.7   3.8
  2 1979 187  16919  24.4  31.4   3.21   0.6   1.3
  2 1979 188   8351  24.4  29.5   3.17   0.7   4.8
  2 1979 189  14399  24.0  30.4   3.09   0.6   0.2
  2 1979 190  15659  24.2  30.3   3.12   0.9   2.0
  2 1979 191  22750  22.5  33.3   3.19   0.1   0.2
  2 1979 192  24010  23.1  33.0   3.41   0.1   0.0
  2 1979 193  22966  23.4  33.7   3.34   0.1   0.0
  2 1979 194  26314  23.1  34.0   3.32   0.1   0.0
  2 1979 195  15227  23.5  31.8   3.53 -99.0   3.0
  2 1979 196  15659  22.0  31.2   3.22 -99.0   0.5
  2 1979 197  23578  22.2  33.1   3.19   0.1   0.0
  2 1979 198  22750  23.0  34.2   3.47   0.1   0.0
  2 1979 199  27142  23.0  33.3   3.38   0.2   0.0
  2 1979 200  25054  23.1  33.5   3.15   0.3   0.0
  2 1979 201  20662  23.0  34.0   3.28   0.4   0.0
  2 1979 202  26926  22.8  34.0   3.15   0.4   0.2
  2 1979 203  20446  24.6  33.8   3.30   0.6   2.8
  2 1979 204  21094  24.0  31.7   3.29   0.1  13.7
  2 1979 205  16271  23.0  31.2   3.19   0.6   0.8
  2 1979 206  18575  23.0  30.7   3.03   0.1   0.0
  2 1979 207  12959  23.3  30.7   3.29   0.2   0.0
  2 1979 208  11267  24.0  30.5   3.13   0.5   6.4
  2 1979 209   6875  24.0  28.7   3.19   0.8   4.8
  2 1979 210  11699  24.0  30.1   3.19   1.2   2.0
  2 1979 211  13787  24.1  30.0   3.12   0.7  18.0
  2 1979 212   7091  23.6  27.3   2.74   3.0   1.5
  2 1979 213  17135  21.5  30.3   3.21   0.8   0.0
  2 1979 214  16091  23.8  32.3   3.19   0.5  23.9
  2 1979 215  15227  21.5  30.3   3.19   0.2   6.6
  2 1979 216  17531  23.2  29.7   3.39   0.5   0.0
  2 1979 217  12959  24.0  31.0   3.26   0.7  21.1
  2 1979 218   6048  23.8  28.1   3.23   0.1  14.7
  2 1979 219   7307  23.5  28.7   3.04   0.5   6.4
  2 1979 220   5832  25.5  27.5   3.13 -99.0   7.4
  2 1979 221  13355  22.0  30.5   3.03   0.2   0.2
  2 1979 222  22354  21.5  33.0   3.32   0.7   0.0
  2 1979 223   8351  23.5  29.9   3.21   0.9  18.8
  2 1979 224   6875  22.7  27.3   3.19   1.6  36.3
  2 1979 225   8135  21.5  28.5   3.07   3.6  14.2
  2 1979 226  12311  21.3  29.0   3.13   3.3  67.8
  2 1979 227    828  20.3  27.0   2.95   2.8  89.4
  2 1979 228   3564  22.0  29.5   3.21   1.4  24.4
  2 1979 229  20446  23.0  31.5   3.45   1.2   0.0
  2 1979 230  24442  23.1  32.3   3.32   0.4   0.0
  2 1979 231  19402  21.6  32.5   3.38   0.4   0.0
  2 1979 232  23398  21.2  32.5   3.19   0.5   0.0
  2 1979 233  25486  22.8  33.0   3.22   2.9   0.0
  2 1979 234  21490  24.3  33.0   3.19   2.9   0.0
  2 1979 235  19618  25.5  32.5   3.29   3.2   0.0
  2 1979 236  19006  25.0  33.0   3.25   0.4   0.0
  2 1979 237  22138  21.5  32.6   3.46   0.3   0.0
  2 1979 238  18575  22.2  32.7   3.34   0.3   0.0
  2 1979 239  24442  22.3  34.2   3.29   0.2   0.0
  2 1979 240  23794  22.6  34.0   3.46   0.4   0.0
  2 1979 241  18179  23.5  31.8   3.32   0.2  34.8
  2 1979 242  14831  22.3  32.0   3.33   0.1   3.3
  2 1979 243  20446  22.5  31.3   3.16   0.1   3.0
  2 1979 244  16487  22.2  32.0   3.39   0.1   0.8
  2 1979 245  14399  21.5  31.2   3.43   0.1   1.8
  2 1979 246  20266  21.6  32.2   3.29 -99.0   0.0
  2 1979 247  19618  22.4  33.4   3.08   0.1   0.0
  2 1979 248  23794  23.3  33.1   3.31   0.2   0.0
  2 1979 249  25270  23.9  34.0   3.49   0.3   0.0
  2 1979 250  22534  23.9  32.6   3.47   0.6   0.0
  2 1979 251  22354  22.1  34.1   3.57   0.4   0.0
  2 1979 252  19618  22.5  33.5   3.47   0.1   0.0
  2 1979 253  17135  21.9  33.0   3.25   0.1   0.0
  2 1979 254  17963  22.2  31.6   3.26   0.3  14.5
  2 1979 255  16703  23.2  31.3   3.39   0.2   0.2
  2 1979 256  10007  23.1  29.1   3.42 -99.0  36.1
  2 1979 257   3132  23.2  27.3   3.07 -99.0  21.8
  2 1979 258   8963  23.3  28.8   3.29 -99.0   8.1
  2 1979 259  10007  23.4  30.5   3.39 -99.0  35.0
  2 1979 260  21922  20.6  32.6   3.19   0.1   2.8
  2 1979 261  13139  22.5  31.9   3.36   2.6 126.5
  2 1979 262   3132  21.6  25.6   2.93   1.5  51.8
  2 1979 263  14183  22.0  30.0   3.11 -99.0   0.0
  2 1979 264  15227  22.4  30.8   3.42 -99.0   0.0
  2 1979 265  24010  22.2  32.4   3.36 -99.0   0.0
  2 1979 266  15659  23.4  32.8   3.25 -99.0   2.0
  2 1979 267  20446  22.5  32.1   3.32 -99.0   0.8
  2 1979 268  24010  22.9  32.5   3.41 -99.0   0.2
  2 1979 269  20266  24.0  32.8   3.39   0.1  19.8
  2 1979 270  20050  23.5  32.7   3.40   0.1   3.8
  2 1979 271  10007  23.9  30.2   3.35 -99.0  40.9
  2 1979 272  14831  22.5  29.5   3.36 -99.0   0.0
  2 1979 273   8963  22.9  30.3   3.49   0.3  17.0
  2 1979 274   5652  23.0  27.2   3.07   0.9  16.8
  2 1979 275   7307  22.5  27.5   2.95   1.0   4.3
  2 1979 276  12959  24.0  29.5   3.16   2.0   6.4
  2 1979 277   7523  22.5  30.0   3.10   0.4   0.8
  2 1979 278   4176  23.5  25.6   2.98 -99.0  44.2
  2 1979 279   5004  22.6  26.2   2.99   0.3   3.6
  2 1979 280   8135  22.4  27.5   3.03   0.5   2.0
  2 1979 281   9611  23.0  28.2   3.00   0.8   3.6
  2 1979 282   9827  21.8  28.6   2.88   0.6   1.0
  2 1979 283  12311  23.0  30.2   3.06 -99.0   4.1
  2 1979 284  14183  22.9  31.1   3.16   0.1   0.0
  2 1979 285  22354  22.8  31.7   3.22 -99.0   0.0
  2 1979 286  18179  21.4  32.0   3.41 -99.0   0.0
  2 1979 287  15047  21.9  30.8   3.39 -99.0   5.3
  2 1979 288  20878  24.2  31.8   3.19   0.6   0.0
  2 1979 289  13787  23.3  32.7   2.93   0.5   0.0
  2 1979 290  19618  22.5  32.5   2.96   1.3   0.0
  2 1979 291   8963  24.5  29.0   3.09   1.2   0.2
  2 1979 292  16091  23.2  30.0   3.13   0.1   2.0
  2 1979 293  11267  22.2  30.2   3.19   0.1   0.0
  2 1979 294  12743  23.2  32.4   3.36   0.8  18.3
  2 1979 295  15443  22.6  30.5   3.17   1.5   0.0
  2 1979 296  18359  22.9  31.5   3.12   1.8   0.0
  2 1979 297  19006  23.3  32.0   3.25   1.4   0.0
  2 1979 298  21094  22.5  31.5   3.06   1.4   0.0
  2 1979 299  17531  22.9  32.0   2.88   1.0   0.0
  2 1979 300  18575  23.5  31.5   3.19   0.6   0.0
  2 1979 301  11915  23.4  32.5   3.35   0.2  10.9
  2 1979 302  16271  24.0  32.0   3.26   0.5   0.0
  2 1979 303  14183  24.0  32.2   3.19   0.7  11.2
  2 1979 304   9395  23.5  28.4   3.00   0.5   0.0
  2 1979 305  14003  23.3  30.0   3.23   0.6   5.3
  2 1979 306  12743  23.5  28.5   3.10   0.3   3.3
  2 1979 307  10223  23.5  30.7   3.10   0.4   3.8
  2 1979 308  15047  23.1  30.8   3.26   0.5   1.3
  2 1979 309   7523  23.3  29.1   3.16   0.4   5.3
  2 1979 310  10223  23.0  30.2   3.15   1.0   0.0
  2 1979 311  15227  23.0  32.1   3.40   0.6   0.0
  2 1979 312  16919  21.8  32.7   3.16   0.1   0.2
  2 1979 313  14399  23.1  31.1   3.06   0.1   0.0
  2 1979 314  14003  23.4  31.7   3.46 -99.0   7.6
  2 1979 315  14399  22.6  30.9   3.23 -99.0   0.2
  2 1979 316  14003  24.4  30.8   3.39   1.0   0.0
  2 1979 317  18790  23.0  32.4   3.26   0.5   0.5
  2 1979 318  10223  22.5  30.3   3.21   0.4  20.1
  2 1979 319  15443  21.9  29.8   3.19   0.9  33.8
  2 1979 320  10007  23.4  29.7   3.32   0.3   0.5
  2 1979 321  16703  24.0  30.3   3.36   0.8   0.0
  2 1979 322   6695  23.1  27.8   3.25 -99.0  28.7
  2 1979 323  11483  22.4  28.8   3.00   0.4   4.3
  2 1979 324   9611  22.6  28.1   2.92   0.7   2.8
  2 1979 325  13571  23.0  29.8   2.98   0.4   0.2
  2 1979 326  16271  22.2  30.6   3.12   0.5   0.0
  2 1979 327  16487  22.9  30.7   3.19   1.0   0.8
  2 1979 328  10439  22.5  29.7   3.06   0.5   2.5
  2 1979 329  11699  23.5  30.0   3.27   0.7   1.3
  2 1979 330   7739  23.8  27.9   3.15   0.5   8.9
  2 1979 331  10223  22.1  28.0   2.93   0.3   4.6
  2 1979 332  18790  22.3  29.7   3.10   0.7   0.0
  2 1979 333  13355  22.4  28.5   2.99   1.0   0.2
  2 1979 334   8567  23.2  27.0   3.00   1.2   2.5
  2 1979 335   3132  22.5  25.5   2.83   0.7   0.5
  2 1979 336  10007  22.5  27.8   2.82   1.7   0.0
  2 1979 337  11699  20.6  27.4   2.72   0.9   0.2
  2 1979 338  16487  19.4  28.5   2.77   0.8   0.0
  2 1979 339  17135  20.5  29.5   2.79   0.7   0.0
  2 1979 340  18179  20.7  29.5   2.97   0.7   0.0
  2 1979 341  14399  21.7  30.1   3.00   0.7   1.5
  2 1979 342  13139  22.0  28.8   2.94   1.3   1.0
  2 1979 343  11915  21.6  28.5   2.88   0.9   0.0
  2 1979 344  12095  21.3  29.0   2.74   0.9   0.0
  2 1979 345  17135  20.0  28.7   2.67   0.6   0.0
  2 1979 346  15047  17.0  27.5   2.62   0.7   0.0
  2 1979 347  18790  19.0  28.3   2.59   1.0   0.2
  2 1979 348   8351  20.5  26.8   2.62   0.8   0.0
  2 1979 349  17315  19.8  27.9   2.62   0.9   0.0
  2 1979 350  18790  19.9  28.7   2.64   0.7   0.0
  2 1979 351  14831  20.7  29.5   2.88   0.8   0.0
  2 1979 352  15659  20.8  29.3   2.71   0.9   0.0
  2 1979 353  16091  19.8  29.5   2.73   0.3   1.5
  2 1979 354  12527  22.5  29.7   2.74   0.6   0.0
  2 1979 355  10007  20.0  28.9   2.71   0.4  10.9
  2 1979 356   2088  22.0  26.7   2.86   0.4  34.0
  2 1979 357  12743  23.1  31.0   3.15   0.2   0.0
  2 1979 358   8351  22.5  28.6   2.93   0.2   0.2
  2 1979 359  10223  23.2  27.7   2.91   0.9   0.0
  2 1979 360   6695  22.5  26.3   2.86   0.5   0.8
  2 1979 361   8351  21.8  27.0   2.86   0.2   1.8
  2 1979 362  12527  22.0  28.9   3.13   0.5   0.8
  2 1979 363  19222  22.0  30.0   2.90   0.7   0.0
  2 1979 364  13571  20.0  29.5   3.03   0.2   0.0
  2 1979 365  18179  20.5  29.4   2.91   0.2   0.0
";}}s:20:"custom_result_object";a:0:{}s:11:"current_row";i:0;s:8:"num_rows";i:1;s:8:"row_data";N;}