O:12:"CI_DB_result":8:{s:7:"conn_id";N;s:9:"result_id";N;s:12:"result_array";a:1:{i:0;a:9:{s:2:"id";s:1:"2";s:7:"country";s:11:"Philippines";s:12:"station_code";s:1:"1";s:12:"country_code";s:4:"phil";s:13:"site_latitude";s:6:"121.25";s:14:"site_longitude";s:5:"14.18";s:13:"site_altitude";s:4:"21.0";s:4:"year";s:4:"1992";s:4:"data";s:19067:"121.25  14.18  21.0  0.00  0.00
  1 1992   1  16379  21.6  29.0   2.38   1.9   0.0
  1 1992   2  15911  22.2  29.2   2.51   2.3   0.0
  1 1992   3  16631  21.5  29.0   2.50   2.5   0.0
  1 1992   4  18251  22.1  29.0   2.52   2.4   0.0
  1 1992   5  11519  21.6  29.0   2.61   1.1   0.9
  1 1992   6  15119  19.9  29.4   2.59   1.4   0.4
  1 1992   7  10475  21.2  28.0   2.72   1.2   2.2
  1 1992   8  16739  22.0  30.0   2.62   1.1   0.0
  1 1992   9  18862  20.6  29.5   2.51   1.7   0.0
  1 1992  10  12095  21.9  28.2   2.58   2.4   1.1
  1 1992  11   9467  22.0  26.5   2.42   2.5   0.0
  1 1992  12   9611  22.8  27.1   2.30   1.8   0.0
  1 1992  13  12023  22.5  28.0   2.33   1.4   0.6
  1 1992  14  11159  21.6  26.6   2.42   1.4   0.0
  1 1992  15  17135  19.3  28.4   2.29   1.4   0.0
  1 1992  16  18970  19.6  28.5   2.36   1.0   0.0
  1 1992  17  16955  19.2  29.0   2.39   1.1   0.0
  1 1992  18  14471  20.0  29.0   2.42   1.3   0.0
  1 1992  19  12455  21.0  28.6   2.58   1.1   0.7
  1 1992  20  18215  19.5  30.5   2.41   1.3   0.0
  1 1992  21  18611  22.5  29.5   2.45   2.1   0.0
  1 1992  22  14723  22.0  28.5   2.39   2.0   0.0
  1 1992  23  16667  21.4  29.0   2.32   2.1   0.0
  1 1992  24  14039  21.7  29.1   2.52   1.2   0.0
  1 1992  25  11735  22.0  28.6   2.70   1.6   0.0
  1 1992  26  18611  22.4  30.5   2.41   1.8   0.0
  1 1992  27  19078  21.6  29.0   2.41   3.3   0.0
  1 1992  28  10691  22.2  27.1   2.28   1.9   0.4
  1 1992  29   9539  22.5  27.2   2.66   1.9   1.6
  1 1992  30  17819  22.6  29.0   2.60   1.4   0.0
  1 1992  31  19726  22.2  31.9   2.71   1.1   0.0
  1 1992  32  10871  23.2  28.0   2.50   2.5   0.0
  1 1992  33  12707  22.7  27.7   2.49   2.7   0.0
  1 1992  34   9827  22.9  28.2   2.65   1.9   0.1
  1 1992  35   9287  23.2  27.5   2.73   1.1   3.8
  1 1992  36  17675  21.6  30.1   2.67   1.4   0.0
  1 1992  37  14543  22.4  29.9   2.62   1.9   0.0
  1 1992  38  19006  21.0  31.2   2.56   1.3   0.0
  1 1992  39  18539  21.0  30.0   2.50   1.8   0.0
  1 1992  40  15587  22.3  29.0   2.53   2.1   0.0
  1 1992  41  18647  22.0  30.0   2.55   2.2   0.0
  1 1992  42  18503  20.6  29.8   2.49   1.7   0.0
  1 1992  43  20842  20.6  30.7   2.48   1.9   0.0
  1 1992  44  20482  21.2  30.5   2.48   1.4   0.0
  1 1992  45  18647  21.9  30.0   2.54   2.0   0.0
  1 1992  46  16163  21.7  31.5   2.76   1.6   0.0
  1 1992  47  19654  21.1  31.1   2.68   1.3   0.0
  1 1992  48  19402  22.4  31.9   2.72   1.7   0.0
  1 1992  49  19186  21.4  32.1   2.63   1.1   0.0
  1 1992  50  20734  21.3  31.5   2.76   1.2   0.0
  1 1992  51  19186  19.7  31.6   2.64   1.3   0.0
  1 1992  52   5400  23.0  25.0   2.53   1.1   8.6
  1 1992  53  10871  22.5  27.5   2.53   1.5   4.4
  1 1992  54  22030  21.5  29.5   2.49   1.8   0.0
  1 1992  55  21130  20.7  29.0   2.45   2.1   0.0
  1 1992  56  18934  21.5  28.1   2.30   3.0   0.0
  1 1992  57  13823  19.7  26.0   1.86   2.4   0.0
  1 1992  58  18539  19.0  27.8   1.95   2.8   0.2
  1 1992  59  18683  19.5  29.5   2.45   2.3   0.0
  1 1992  60  15443  22.0  29.2   2.59   2.2   0.0
  1 1992  61  18719  22.0  31.0   2.62   2.0   0.0
  1 1992  62  19114  21.0  31.8   2.59   1.4   0.0
  1 1992  63  18539  22.0  31.5   2.69   1.5   0.0
  1 1992  64  22570  22.0  30.8   2.63   1.6   0.0
  1 1992  65  21130  20.8  32.1   2.65   1.3   0.0
  1 1992  66  21058  21.6  31.5   2.58   1.4   0.0
  1 1992  67  23398  21.7  30.7   2.58   1.6   0.0
  1 1992  68  22894  21.8  32.0   2.58   1.4   0.0
  1 1992  69  23470  21.7  31.0   2.55   1.6   0.0
  1 1992  70  20986  22.2  31.5   2.67   1.7   0.0
  1 1992  71  22714  21.5  31.2   2.63   2.2   0.0
  1 1992  72  24802  21.0  30.9   2.48   2.2   0.0
  1 1992  73  22426  20.9  30.5   2.48   2.4   0.0
  1 1992  74  23146  22.7  31.1   2.67   2.5   0.6
  1 1992  75  20590  22.2  31.2   2.70   2.1   0.0
  1 1992  76  24262  21.1  30.0   2.43   2.2   0.0
  1 1992  77  22390  21.4  31.5   2.64   1.6   0.0
  1 1992  78  20734  22.4  31.4   2.72   1.5   0.0
  1 1992  79  13139  24.5  29.8   2.97   1.6  37.8
  1 1992  80  22390  23.8  31.0   2.88   2.4   0.0
  1 1992  81  23110  24.1  31.4   2.65   2.3   0.0
  1 1992  82  14219  23.0  28.7   2.68   2.1   0.0
  1 1992  83  24694  22.1  31.6   2.70   2.2   0.0
  1 1992  84  20374  22.0  30.0   2.61   2.1   0.0
  1 1992  85  17351  21.9  30.9   2.66   1.7   0.0
  1 1992  86  13391  23.0  32.0   2.86   1.3   0.0
  1 1992  87  22246  23.5  31.5   2.74   2.2   0.8
  1 1992  88  22894  24.0  31.0   2.90   2.2   0.0
  1 1992  89  17459  23.8  30.5   2.67   2.1   0.0
  1 1992  90  24802  22.9  32.0   2.69   2.1   0.0
  1 1992  91  18179  22.8  32.0   2.80   1.5   0.0
  1 1992  92  25018  22.5  30.7   2.64   2.0   0.0
  1 1992  93  24658  21.9  31.0   2.68   1.8   0.0
  1 1992  94  21634  22.5  32.4   2.75   1.2   0.0
  1 1992  95  23866  23.3  33.5   2.83   1.2   0.0
  1 1992  96  23542  24.0  32.0   2.98   1.9   0.0
  1 1992  97  21742  23.3  32.6   2.74   1.5   0.0
  1 1992  98  23218  22.4  32.1   2.55   1.6   3.2
  1 1992  99  23074  24.0  32.0   2.90   2.2   0.0
  1 1992 100  20266  22.5  32.8   2.79   1.6   0.0
  1 1992 101  21382  22.3  34.5   2.84   1.3   0.0
  1 1992 102  19942  23.0  34.0   2.79   1.4   0.0
  1 1992 103  23866  22.6  32.5   2.95   1.3   0.0
  1 1992 104  23974  21.4  35.0   2.58   1.5   0.0
  1 1992 105  14651  23.2  32.3   2.80   1.1  29.6
  1 1992 106  19006  22.0  32.2   2.96   0.9   0.0
  1 1992 107  19474  23.5  33.2   3.01   1.1   0.0
  1 1992 108  22066  24.7  32.0   2.89   1.6   0.0
  1 1992 109  20626  24.0  34.0   3.06   1.0   0.4
  1 1992 110  20194  24.2  33.2   3.27   1.0   0.0
  1 1992 111  21634  24.2  34.5   3.09   1.0   0.0
  1 1992 112  20158  25.5  34.1   2.99   1.7   0.0
  1 1992 113  21742  23.7  35.4   3.14   1.0   0.0
  1 1992 114  21598  24.1  33.6   3.14   1.7   0.0
  1 1992 115  24226  24.1  32.5   2.98   2.5   1.4
  1 1992 116  24298  24.4  33.0   2.91   2.2   0.6
  1 1992 117  25558  24.4  32.8   2.98   2.3   0.0
  1 1992 118  21634  24.4  33.0   2.94   1.3   0.0
  1 1992 119  21238  24.9  33.0   2.92   1.9   0.0
  1 1992 120  24478  24.0  33.0   2.77   1.9   0.0
  1 1992 121  24478  24.0  33.9   2.94   1.5   0.0
  1 1992 122  23326  25.0  33.5   2.89   2.1   0.0
  1 1992 123  25990  24.3  31.7   2.49   2.4   0.0
  1 1992 124  25666  23.0  32.5   2.78   2.8   0.0
  1 1992 125  16523  23.6  33.0   2.77   2.1   0.0
  1 1992 126  24514  25.5  33.1   2.82   2.4   0.0
  1 1992 127  23110  23.6  32.8   2.79   2.3   0.0
  1 1992 128  22894  24.9  33.0   2.82   1.8   0.0
  1 1992 129  18503  23.7  34.0   3.04   1.2   0.1
  1 1992 130  23506  25.0  34.5   3.09   1.4   0.0
  1 1992 131  19078  25.0  33.1   3.09   1.1   0.0
  1 1992 132  24010  24.7  33.1   2.91   2.3   0.0
  1 1992 133  15587  25.0  32.2   2.94   1.6  18.0
  1 1992 134  25666  24.8  32.1   3.01   2.3   0.0
  1 1992 135  21058  25.0  33.5   3.04   1.9   4.6
  1 1992 136  22534  25.1  33.7   2.97   1.4   0.0
  1 1992 137  21706  25.1  34.5   3.09   1.2   0.0
  1 1992 138  16739  25.2  33.7   3.19   1.2   0.0
  1 1992 139  21418  24.4  34.0   3.24   1.6   6.0
  1 1992 140  18862  24.5  32.7   3.11   1.2   0.0
  1 1992 141  21958  23.7  34.0   3.05   1.5   2.6
  1 1992 142  16811  24.6  33.3   3.25   1.0   1.4
  1 1992 143  16163  24.8  32.7   3.24   1.0   2.6
  1 1992 144  14975  23.6  32.5   3.01   1.1   3.4
  1 1992 145  21562  23.5  34.5   2.84   1.1   0.0
  1 1992 146  17027  25.1  33.5   3.19   0.9   0.0
  1 1992 147  20482  24.2  34.2   2.96   1.1   0.0
  1 1992 148  17891  24.0  35.5   3.18   1.4  41.2
  1 1992 149  23434  24.5  33.1   3.21   1.5  23.4
  1 1992 150  17423  24.5  33.0   3.06   1.0   0.4
  1 1992 151  12779  25.0  31.9   3.00   1.2   1.4
  1 1992 152  13247  24.9  33.1   3.28   1.3   0.0
  1 1992 153  13931  25.7  32.0   2.92   1.2   2.4
  1 1992 154  15515  24.6  32.3   3.02   0.9   0.0
  1 1992 155  24154  25.2  34.2   2.98   1.5   0.0
  1 1992 156  22534  24.5  34.3   3.18   1.2   0.0
  1 1992 157  23974  23.7  35.0   3.09   1.4   0.0
  1 1992 158  20158  25.5  34.5   3.20   1.5   0.0
  1 1992 159  19798  26.4  34.6   3.10   1.5   5.9
  1 1992 160  18934  24.6  33.5   2.84   1.3   0.0
  1 1992 161  20230  25.6  34.2   2.88   1.6   0.0
  1 1992 162  18575  25.0  34.0   2.98   1.4   2.5
  1 1992 163  22498  25.5  33.5   3.14   2.0   0.0
  1 1992 164  19942  25.6  33.6   3.07   1.4   0.5
  1 1992 165  20842  25.1  34.5   3.09   1.4   0.1
  1 1992 166  21670  25.5  34.0   3.15   1.6   2.9
  1 1992 167  20302  24.5  33.8   3.19   1.5   0.0
  1 1992 168  18934  25.5  32.8   3.01   1.3   0.2
  1 1992 169  22462  25.0  34.3   3.01   1.2   0.0
  1 1992 170  18467  25.1  34.5   3.07   1.2   0.2
  1 1992 171  22606  25.2  34.6   3.04   1.5   0.0
  1 1992 172  12563  25.5  32.0   2.99   1.2  31.9
  1 1992 173  17927  24.6  33.8   3.16   1.0   7.1
  1 1992 174  18179  25.0  33.8   3.10   1.0   0.0
  1 1992 175  12923  25.2  32.6   3.20   1.2   1.6
  1 1992 176  15911  23.9  32.4   3.12   2.3   0.0
  1 1992 177  11447  26.2  30.5   3.09   1.8   0.0
  1 1992 178   6371  25.7  29.0   2.93   2.1   3.4
  1 1992 179  11195  25.5  31.5   2.66   1.7   4.7
  1 1992 180  21562  24.5  33.4   2.96   1.5   0.0
  1 1992 181  21382  23.6  34.1   2.84   1.7   0.0
  1 1992 182  16811  26.0  32.2   3.14   1.3   0.0
  1 1992 183  12419  25.4  30.0   2.98   1.2   2.2
  1 1992 184  13535  24.0  30.0   2.89   1.2   0.3
  1 1992 185  19654  22.2  33.0   2.92   1.4   0.0
  1 1992 186  20626  23.5  34.1   3.16   1.2   0.0
  1 1992 187  21742  23.1  33.5   3.14   1.2   9.6
  1 1992 188  21418  22.4  32.9   3.12   1.2   0.0
  1 1992 189  22102  22.2  33.2   2.92   0.9   0.0
  1 1992 190  22786  23.7  34.6   3.04   1.2   0.0
  1 1992 191  23110  24.0  33.3   3.06   2.1   0.0
  1 1992 192   8387  25.7  30.2   3.02   1.1  13.4
  1 1992 193   5256  25.0  29.0   2.92   2.4   4.8
  1 1992 194  17279  24.6  33.0   3.05   1.6  42.1
  1 1992 195  14579  22.8  31.4   2.77   1.1   4.2
  1 1992 196  13031  23.8  30.1   3.02   1.0  28.6
  1 1992 197  13211  23.1  30.3   2.98   0.8   5.0
  1 1992 198  18647  22.9  31.8   3.12   1.8   0.0
  1 1992 199  18251  23.8  32.0   3.03   1.0   0.0
  1 1992 200  10619  23.5  31.2   2.98   1.0   3.4
  1 1992 201   4320  23.6  27.0   2.95   1.1  51.6
  1 1992 202   4032  24.5  26.6   2.90   1.9  30.8
  1 1992 203  15047  23.3  30.8   2.82   1.3   0.2
  1 1992 204  18611  23.7  31.2   2.96   1.6   0.0
  1 1992 205  16343  22.9  32.0   2.93   0.8   3.1
  1 1992 206  14651  24.3  30.7   2.83   1.2   1.6
  1 1992 207  14399  23.7  31.1   2.74   1.2  43.2
  1 1992 208  10943  24.5  31.0   2.92   0.9   1.1
  1 1992 209  17783  23.7  31.7   2.99   1.1  33.1
  1 1992 210  15443  23.2  31.1   3.01   1.2  37.5
  1 1992 211  17819  23.8  31.0   3.08   1.3  62.8
  1 1992 212  19870  23.8  32.0   2.98   1.0  16.9
  1 1992 213  15443  23.5  30.6   3.02   0.8   0.7
  1 1992 214  16991  24.0  32.2   2.97   1.0   2.0
  1 1992 215  19222  23.6  32.1   3.16   0.9   0.5
  1 1992 216  20986  24.0  33.5   3.16   1.1   0.4
  1 1992 217  15443  24.4  32.0   2.99   0.8   5.8
  1 1992 218  24982  23.0  32.6   2.94   1.2   0.0
  1 1992 219  24334  24.0  33.0   3.01   1.2   0.0
  1 1992 220  21778  24.0  32.5   3.04   1.0   0.0
  1 1992 221  18754  24.0  33.0   3.07   1.1   5.6
  1 1992 222   8963  23.7  29.5   3.07   1.3   4.7
  1 1992 223  16631  23.6  30.7   2.81   1.0   1.8
  1 1992 224  24118  22.7  31.0   2.64   1.1   0.0
  1 1992 225  27142  24.0  32.1   2.97   1.3   0.0
  1 1992 226  17207  23.5  31.1   3.14   0.9   0.2
  1 1992 227  18107  23.6  31.6   2.88   2.0   3.8
  1 1992 228  16415  24.7  31.1   2.99   2.2  16.9
  1 1992 229  11987  24.4  30.0   2.71   2.2  18.6
  1 1992 230   7883  25.1  29.5   2.91   2.6  64.0
  1 1992 231   7163  23.7  28.3   2.91   3.1  30.6
  1 1992 232   3816  24.4  28.4   2.95   1.9  18.4
  1 1992 233   2268  25.6  28.6   3.11   1.9  39.9
  1 1992 234  10871  24.0  31.5   2.94   1.4   3.4
  1 1992 235  15011  24.5  30.8   3.00   1.1   0.0
  1 1992 236  19078  23.6  32.9   3.02   1.1   0.0
  1 1992 237  24370  23.6  32.9   3.06   1.2   0.0
  1 1992 238  12275  24.4  32.5   2.99   1.1   2.5
  1 1992 239   5148  24.8  30.0   3.06   1.8  39.0
  1 1992 240   2412  23.7  28.1   3.05   2.9  19.6
  1 1992 241  13607  23.8  30.5   2.95   6.6   3.7
  1 1992 242  11519  26.8  30.2   2.85   6.8  13.0
  1 1992 243  12995  26.5  30.2   3.07   6.0   6.0
  1 1992 244  12743  26.0  31.5   3.00   2.9   2.0
  1 1992 245  16595  26.6  33.0   3.41   1.9   2.1
  1 1992 246  13499  26.3  32.2   3.15   1.4   2.3
  1 1992 247  13103  26.4  31.0   2.98   2.4   0.8
  1 1992 248  10511  27.0  30.0   2.99   2.3   0.0
  1 1992 249  16199  27.0  32.0   3.02   1.8   3.2
  1 1992 250  17207  23.6  32.5   2.92   1.0   0.0
  1 1992 251  17963  23.5  31.4   3.16   0.8   1.3
  1 1992 252  14939  23.7  30.5   3.20   0.8   2.8
  1 1992 253  15227  23.8  31.0   3.18   0.9   9.5
  1 1992 254  17423  23.2  31.0   3.06   1.0  30.0
  1 1992 255  16559  23.6  31.5   3.05   0.9   3.0
  1 1992 256  23254  23.2  31.9   3.05   1.4   0.0
  1 1992 257  25306  23.0  31.7   3.03   1.0   0.0
  1 1992 258  19906  23.5  32.5   3.13   1.2  10.6
  1 1992 259  11339  24.3  30.2   3.11   0.9  57.1
  1 1992 260  18647  23.3  32.0   2.93   1.0   0.3
  1 1992 261  15623  23.5  31.8   3.03   0.8  33.8
  1 1992 262  16811  23.5  30.6   3.02   1.2   2.9
  1 1992 263  20086  23.0  31.5   2.91   0.9   1.0
  1 1992 264   8387  24.1  29.6   3.08   3.9  25.4
  1 1992 265   4788  24.5  28.2   2.82   3.3  29.3
  1 1992 266  14687  24.4  31.5   2.78   1.1   0.0
  1 1992 267  21742  23.7  31.6   2.98   0.8   0.0
  1 1992 268  25306  23.6  33.1   3.12   1.0   0.0
  1 1992 269  23542  24.0  32.5   2.97   1.3   0.3
  1 1992 270  24838  24.4  31.2   2.95   1.7   0.0
  1 1992 271  13715  24.5  30.5   3.04   0.9   6.7
  1 1992 272  21994  24.7  32.7   3.12   0.9   0.0
  1 1992 273  16595  24.5  32.5   3.08   0.8   0.0
  1 1992 274  17423  23.6  31.5   2.86   1.3   3.6
  1 1992 275  21238  24.6  31.7   3.16   1.2   1.0
  1 1992 276  20446  24.5  31.5   3.13   1.5   0.0
  1 1992 277  21526  24.3  31.7   2.96   1.5   2.3
  1 1992 278  18754  24.0  31.5   3.06   0.9   0.0
  1 1992 279  17999  24.0  30.6   2.98   1.2   0.3
  1 1992 280  15407  24.0  30.1   2.92   1.4  12.1
  1 1992 281  17387  24.5  31.1   2.97   1.5   0.2
  1 1992 282  23362  24.6  31.0   2.87   1.9   0.4
  1 1992 283  11375  24.7  30.0   2.95   1.0   0.2
  1 1992 284  16991  23.5  30.5   2.92   0.9   0.0
  1 1992 285  20158  24.3  32.8   3.08   0.9   0.0
  1 1992 286  22138  23.6  33.4   2.89   1.1   0.0
  1 1992 287  20770  24.6  32.7   2.96   1.3   0.0
  1 1992 288  16703  24.5  32.1   3.04   1.3   3.3
  1 1992 289  17387  23.4  30.7   2.84   2.1   0.6
  1 1992 290  20158  24.6  32.1   2.91   1.9   0.3
  1 1992 291  16631  24.5  31.3   3.01   1.6   1.2
  1 1992 292  15875  24.5  31.0   2.84   1.4  19.7
  1 1992 293  15695  23.1  31.2   2.94   0.9  29.6
  1 1992 294  23290  23.0  31.5   2.79   1.4   0.0
  1 1992 295  16055  24.1  31.7   2.79   1.0   0.0
  1 1992 296  12383  24.5  30.1   2.80   1.1   0.0
  1 1992 297   9755  23.9  29.5   2.80   0.6   0.5
  1 1992 298  11231  24.6  29.5   2.98   1.1   0.0
  1 1992 299   2736  24.0  26.5   2.38   2.1  74.0
  1 1992 300   8351  22.0  28.7   2.91   2.3   4.0
  1 1992 301  11879  24.4  32.0   2.83   0.8  10.9
  1 1992 302  21634  23.5  32.0   2.97   1.3   0.0
  1 1992 303  22426  24.0  32.0   2.99   1.3   0.0
  1 1992 304  14723  23.3  31.0   2.90   1.1   2.4
  1 1992 305  16991  24.0  31.5   3.10   1.5   3.2
  1 1992 306  15803  24.0  31.0   2.81   1.9  65.1
  1 1992 307   4644  23.9  26.5   2.81   1.5  15.3
  1 1992 308  13175  23.4  29.0   2.81   1.5   0.4
  1 1992 309  15623  22.6  29.0   2.65   1.7   3.5
  1 1992 310  21922  21.8  29.7   2.64   1.7   0.0
  1 1992 311  22606  21.5  30.5   2.45   1.2   0.0
  1 1992 312  19114  20.4  29.5   2.45   1.5   0.0
  1 1992 313  17243  21.2  28.7   2.61   1.6   0.0
  1 1992 314   7019  22.7  27.5   2.68   2.1   3.1
  1 1992 315   7883  23.7  27.7   2.52   2.1  50.2
  1 1992 316   3852  23.5  26.1   2.82   1.3 153.7
  1 1992 317   6192  23.4  25.6   2.83   1.5  34.8
  1 1992 318   7703  23.1  28.6   2.66   1.4   1.6
  1 1992 319  13895  23.3  29.8   2.78   1.9   9.5
  1 1992 320  14399  22.9  28.6   2.73   1.6   8.9
  1 1992 321  14687  23.6  30.0   2.94   1.6  22.5
  1 1992 322  15875  23.6  30.0   3.00   1.2   0.0
  1 1992 323  14111  23.5  29.7   2.65   1.3   1.2
  1 1992 324  20806  23.4  30.8   2.79   1.0   0.0
  1 1992 325  15047  23.3  31.5   2.86   1.1   1.5
  1 1992 326  10727  24.0  28.0   2.79   1.9   0.0
  1 1992 327  12095  23.8  28.5   2.68   1.8   0.0
  1 1992 328  18467  22.1  29.5   2.45   2.2   0.0
  1 1992 329  17207  21.4  29.0   2.44   1.8   0.0
  1 1992 330  17783  22.0  29.0   2.41   1.7   0.0
  1 1992 331  15731  20.1  28.2   2.31   1.9   0.0
  1 1992 332  20590  20.0  29.0   2.14   2.0   0.0
  1 1992 333  21346  19.0  30.1   2.37   0.8   0.0
  1 1992 334  20122  19.7  31.0   2.51   1.0   0.1
  1 1992 335   9251  23.1  28.0   2.73   0.9   5.4
  1 1992 336  12203  22.8  28.0   2.76   1.6   1.3
  1 1992 337  11483  22.6  28.5   2.81   1.9   4.3
  1 1992 338  14039  23.2  28.5   2.60   2.4   5.2
  1 1992 339  16559  23.2  29.2   2.68   2.5  12.0
  1 1992 340  17999  23.5  29.5   2.71   2.5   0.1
  1 1992 341  18719  22.6  29.9   2.83   2.1   0.5
  1 1992 342  11267  22.7  29.0   2.82   1.2   0.5
  1 1992 343  15947  23.0  30.0   2.85   1.7   0.2
  1 1992 344  14615  22.4  29.5   2.66   1.6   0.9
  1 1992 345  14399  22.0  28.7   2.65   1.5   0.0
  1 1992 346  13175  23.7  28.7   2.69   1.9   0.0
  1 1992 347  23074  21.5  30.8   2.58   1.8   0.0
  1 1992 348  23650  21.0  31.0   2.47   1.8   0.0
  1 1992 349  12815  22.0  29.0   2.62   1.1   0.0
  1 1992 350   9791  24.0  27.2   2.66   1.3   1.0
  1 1992 351  14255  21.5  28.7   2.56   1.3   0.1
  1 1992 352  11735  22.5  27.8   2.63   1.6   2.2
  1 1992 353  19690  21.2  29.5   2.52   2.5  24.2
  1 1992 354   6192  23.1  27.7   2.71   1.8  14.4
  1 1992 355  15119  22.5  28.5   2.44   2.3   0.0
  1 1992 356  11627  22.5  28.0   2.50   1.7  15.0
  1 1992 357  14255  22.4  29.5   2.71   1.6   3.4
  1 1992 358  20518  21.5  28.5   2.49   2.1   0.0
  1 1992 359   9215  21.5  27.0   2.14   2.1   0.9
  1 1992 360  19330  21.2  28.6   2.47   3.0   0.4
  1 1992 361  14759  22.0  29.0   2.53   2.2   6.0
  1 1992 362   9683  22.7  27.0   2.72   1.7   0.8
  1 1992 363   9323  23.5  28.2   2.80   1.2   0.0
  1 1992 364  17531  22.9  29.6   2.67   1.7   0.4
  1 1992 365  21994  20.7  30.0   2.57   2.2   0.0
  1 1992 366  23650  20.5  29.5   2.51   1.7   0.0

";}}s:13:"result_object";a:1:{i:0;O:8:"stdClass":9:{s:2:"id";s:1:"2";s:7:"country";s:11:"Philippines";s:12:"station_code";s:1:"1";s:12:"country_code";s:4:"phil";s:13:"site_latitude";s:6:"121.25";s:14:"site_longitude";s:5:"14.18";s:13:"site_altitude";s:4:"21.0";s:4:"year";s:4:"1992";s:4:"data";s:19067:"121.25  14.18  21.0  0.00  0.00
  1 1992   1  16379  21.6  29.0   2.38   1.9   0.0
  1 1992   2  15911  22.2  29.2   2.51   2.3   0.0
  1 1992   3  16631  21.5  29.0   2.50   2.5   0.0
  1 1992   4  18251  22.1  29.0   2.52   2.4   0.0
  1 1992   5  11519  21.6  29.0   2.61   1.1   0.9
  1 1992   6  15119  19.9  29.4   2.59   1.4   0.4
  1 1992   7  10475  21.2  28.0   2.72   1.2   2.2
  1 1992   8  16739  22.0  30.0   2.62   1.1   0.0
  1 1992   9  18862  20.6  29.5   2.51   1.7   0.0
  1 1992  10  12095  21.9  28.2   2.58   2.4   1.1
  1 1992  11   9467  22.0  26.5   2.42   2.5   0.0
  1 1992  12   9611  22.8  27.1   2.30   1.8   0.0
  1 1992  13  12023  22.5  28.0   2.33   1.4   0.6
  1 1992  14  11159  21.6  26.6   2.42   1.4   0.0
  1 1992  15  17135  19.3  28.4   2.29   1.4   0.0
  1 1992  16  18970  19.6  28.5   2.36   1.0   0.0
  1 1992  17  16955  19.2  29.0   2.39   1.1   0.0
  1 1992  18  14471  20.0  29.0   2.42   1.3   0.0
  1 1992  19  12455  21.0  28.6   2.58   1.1   0.7
  1 1992  20  18215  19.5  30.5   2.41   1.3   0.0
  1 1992  21  18611  22.5  29.5   2.45   2.1   0.0
  1 1992  22  14723  22.0  28.5   2.39   2.0   0.0
  1 1992  23  16667  21.4  29.0   2.32   2.1   0.0
  1 1992  24  14039  21.7  29.1   2.52   1.2   0.0
  1 1992  25  11735  22.0  28.6   2.70   1.6   0.0
  1 1992  26  18611  22.4  30.5   2.41   1.8   0.0
  1 1992  27  19078  21.6  29.0   2.41   3.3   0.0
  1 1992  28  10691  22.2  27.1   2.28   1.9   0.4
  1 1992  29   9539  22.5  27.2   2.66   1.9   1.6
  1 1992  30  17819  22.6  29.0   2.60   1.4   0.0
  1 1992  31  19726  22.2  31.9   2.71   1.1   0.0
  1 1992  32  10871  23.2  28.0   2.50   2.5   0.0
  1 1992  33  12707  22.7  27.7   2.49   2.7   0.0
  1 1992  34   9827  22.9  28.2   2.65   1.9   0.1
  1 1992  35   9287  23.2  27.5   2.73   1.1   3.8
  1 1992  36  17675  21.6  30.1   2.67   1.4   0.0
  1 1992  37  14543  22.4  29.9   2.62   1.9   0.0
  1 1992  38  19006  21.0  31.2   2.56   1.3   0.0
  1 1992  39  18539  21.0  30.0   2.50   1.8   0.0
  1 1992  40  15587  22.3  29.0   2.53   2.1   0.0
  1 1992  41  18647  22.0  30.0   2.55   2.2   0.0
  1 1992  42  18503  20.6  29.8   2.49   1.7   0.0
  1 1992  43  20842  20.6  30.7   2.48   1.9   0.0
  1 1992  44  20482  21.2  30.5   2.48   1.4   0.0
  1 1992  45  18647  21.9  30.0   2.54   2.0   0.0
  1 1992  46  16163  21.7  31.5   2.76   1.6   0.0
  1 1992  47  19654  21.1  31.1   2.68   1.3   0.0
  1 1992  48  19402  22.4  31.9   2.72   1.7   0.0
  1 1992  49  19186  21.4  32.1   2.63   1.1   0.0
  1 1992  50  20734  21.3  31.5   2.76   1.2   0.0
  1 1992  51  19186  19.7  31.6   2.64   1.3   0.0
  1 1992  52   5400  23.0  25.0   2.53   1.1   8.6
  1 1992  53  10871  22.5  27.5   2.53   1.5   4.4
  1 1992  54  22030  21.5  29.5   2.49   1.8   0.0
  1 1992  55  21130  20.7  29.0   2.45   2.1   0.0
  1 1992  56  18934  21.5  28.1   2.30   3.0   0.0
  1 1992  57  13823  19.7  26.0   1.86   2.4   0.0
  1 1992  58  18539  19.0  27.8   1.95   2.8   0.2
  1 1992  59  18683  19.5  29.5   2.45   2.3   0.0
  1 1992  60  15443  22.0  29.2   2.59   2.2   0.0
  1 1992  61  18719  22.0  31.0   2.62   2.0   0.0
  1 1992  62  19114  21.0  31.8   2.59   1.4   0.0
  1 1992  63  18539  22.0  31.5   2.69   1.5   0.0
  1 1992  64  22570  22.0  30.8   2.63   1.6   0.0
  1 1992  65  21130  20.8  32.1   2.65   1.3   0.0
  1 1992  66  21058  21.6  31.5   2.58   1.4   0.0
  1 1992  67  23398  21.7  30.7   2.58   1.6   0.0
  1 1992  68  22894  21.8  32.0   2.58   1.4   0.0
  1 1992  69  23470  21.7  31.0   2.55   1.6   0.0
  1 1992  70  20986  22.2  31.5   2.67   1.7   0.0
  1 1992  71  22714  21.5  31.2   2.63   2.2   0.0
  1 1992  72  24802  21.0  30.9   2.48   2.2   0.0
  1 1992  73  22426  20.9  30.5   2.48   2.4   0.0
  1 1992  74  23146  22.7  31.1   2.67   2.5   0.6
  1 1992  75  20590  22.2  31.2   2.70   2.1   0.0
  1 1992  76  24262  21.1  30.0   2.43   2.2   0.0
  1 1992  77  22390  21.4  31.5   2.64   1.6   0.0
  1 1992  78  20734  22.4  31.4   2.72   1.5   0.0
  1 1992  79  13139  24.5  29.8   2.97   1.6  37.8
  1 1992  80  22390  23.8  31.0   2.88   2.4   0.0
  1 1992  81  23110  24.1  31.4   2.65   2.3   0.0
  1 1992  82  14219  23.0  28.7   2.68   2.1   0.0
  1 1992  83  24694  22.1  31.6   2.70   2.2   0.0
  1 1992  84  20374  22.0  30.0   2.61   2.1   0.0
  1 1992  85  17351  21.9  30.9   2.66   1.7   0.0
  1 1992  86  13391  23.0  32.0   2.86   1.3   0.0
  1 1992  87  22246  23.5  31.5   2.74   2.2   0.8
  1 1992  88  22894  24.0  31.0   2.90   2.2   0.0
  1 1992  89  17459  23.8  30.5   2.67   2.1   0.0
  1 1992  90  24802  22.9  32.0   2.69   2.1   0.0
  1 1992  91  18179  22.8  32.0   2.80   1.5   0.0
  1 1992  92  25018  22.5  30.7   2.64   2.0   0.0
  1 1992  93  24658  21.9  31.0   2.68   1.8   0.0
  1 1992  94  21634  22.5  32.4   2.75   1.2   0.0
  1 1992  95  23866  23.3  33.5   2.83   1.2   0.0
  1 1992  96  23542  24.0  32.0   2.98   1.9   0.0
  1 1992  97  21742  23.3  32.6   2.74   1.5   0.0
  1 1992  98  23218  22.4  32.1   2.55   1.6   3.2
  1 1992  99  23074  24.0  32.0   2.90   2.2   0.0
  1 1992 100  20266  22.5  32.8   2.79   1.6   0.0
  1 1992 101  21382  22.3  34.5   2.84   1.3   0.0
  1 1992 102  19942  23.0  34.0   2.79   1.4   0.0
  1 1992 103  23866  22.6  32.5   2.95   1.3   0.0
  1 1992 104  23974  21.4  35.0   2.58   1.5   0.0
  1 1992 105  14651  23.2  32.3   2.80   1.1  29.6
  1 1992 106  19006  22.0  32.2   2.96   0.9   0.0
  1 1992 107  19474  23.5  33.2   3.01   1.1   0.0
  1 1992 108  22066  24.7  32.0   2.89   1.6   0.0
  1 1992 109  20626  24.0  34.0   3.06   1.0   0.4
  1 1992 110  20194  24.2  33.2   3.27   1.0   0.0
  1 1992 111  21634  24.2  34.5   3.09   1.0   0.0
  1 1992 112  20158  25.5  34.1   2.99   1.7   0.0
  1 1992 113  21742  23.7  35.4   3.14   1.0   0.0
  1 1992 114  21598  24.1  33.6   3.14   1.7   0.0
  1 1992 115  24226  24.1  32.5   2.98   2.5   1.4
  1 1992 116  24298  24.4  33.0   2.91   2.2   0.6
  1 1992 117  25558  24.4  32.8   2.98   2.3   0.0
  1 1992 118  21634  24.4  33.0   2.94   1.3   0.0
  1 1992 119  21238  24.9  33.0   2.92   1.9   0.0
  1 1992 120  24478  24.0  33.0   2.77   1.9   0.0
  1 1992 121  24478  24.0  33.9   2.94   1.5   0.0
  1 1992 122  23326  25.0  33.5   2.89   2.1   0.0
  1 1992 123  25990  24.3  31.7   2.49   2.4   0.0
  1 1992 124  25666  23.0  32.5   2.78   2.8   0.0
  1 1992 125  16523  23.6  33.0   2.77   2.1   0.0
  1 1992 126  24514  25.5  33.1   2.82   2.4   0.0
  1 1992 127  23110  23.6  32.8   2.79   2.3   0.0
  1 1992 128  22894  24.9  33.0   2.82   1.8   0.0
  1 1992 129  18503  23.7  34.0   3.04   1.2   0.1
  1 1992 130  23506  25.0  34.5   3.09   1.4   0.0
  1 1992 131  19078  25.0  33.1   3.09   1.1   0.0
  1 1992 132  24010  24.7  33.1   2.91   2.3   0.0
  1 1992 133  15587  25.0  32.2   2.94   1.6  18.0
  1 1992 134  25666  24.8  32.1   3.01   2.3   0.0
  1 1992 135  21058  25.0  33.5   3.04   1.9   4.6
  1 1992 136  22534  25.1  33.7   2.97   1.4   0.0
  1 1992 137  21706  25.1  34.5   3.09   1.2   0.0
  1 1992 138  16739  25.2  33.7   3.19   1.2   0.0
  1 1992 139  21418  24.4  34.0   3.24   1.6   6.0
  1 1992 140  18862  24.5  32.7   3.11   1.2   0.0
  1 1992 141  21958  23.7  34.0   3.05   1.5   2.6
  1 1992 142  16811  24.6  33.3   3.25   1.0   1.4
  1 1992 143  16163  24.8  32.7   3.24   1.0   2.6
  1 1992 144  14975  23.6  32.5   3.01   1.1   3.4
  1 1992 145  21562  23.5  34.5   2.84   1.1   0.0
  1 1992 146  17027  25.1  33.5   3.19   0.9   0.0
  1 1992 147  20482  24.2  34.2   2.96   1.1   0.0
  1 1992 148  17891  24.0  35.5   3.18   1.4  41.2
  1 1992 149  23434  24.5  33.1   3.21   1.5  23.4
  1 1992 150  17423  24.5  33.0   3.06   1.0   0.4
  1 1992 151  12779  25.0  31.9   3.00   1.2   1.4
  1 1992 152  13247  24.9  33.1   3.28   1.3   0.0
  1 1992 153  13931  25.7  32.0   2.92   1.2   2.4
  1 1992 154  15515  24.6  32.3   3.02   0.9   0.0
  1 1992 155  24154  25.2  34.2   2.98   1.5   0.0
  1 1992 156  22534  24.5  34.3   3.18   1.2   0.0
  1 1992 157  23974  23.7  35.0   3.09   1.4   0.0
  1 1992 158  20158  25.5  34.5   3.20   1.5   0.0
  1 1992 159  19798  26.4  34.6   3.10   1.5   5.9
  1 1992 160  18934  24.6  33.5   2.84   1.3   0.0
  1 1992 161  20230  25.6  34.2   2.88   1.6   0.0
  1 1992 162  18575  25.0  34.0   2.98   1.4   2.5
  1 1992 163  22498  25.5  33.5   3.14   2.0   0.0
  1 1992 164  19942  25.6  33.6   3.07   1.4   0.5
  1 1992 165  20842  25.1  34.5   3.09   1.4   0.1
  1 1992 166  21670  25.5  34.0   3.15   1.6   2.9
  1 1992 167  20302  24.5  33.8   3.19   1.5   0.0
  1 1992 168  18934  25.5  32.8   3.01   1.3   0.2
  1 1992 169  22462  25.0  34.3   3.01   1.2   0.0
  1 1992 170  18467  25.1  34.5   3.07   1.2   0.2
  1 1992 171  22606  25.2  34.6   3.04   1.5   0.0
  1 1992 172  12563  25.5  32.0   2.99   1.2  31.9
  1 1992 173  17927  24.6  33.8   3.16   1.0   7.1
  1 1992 174  18179  25.0  33.8   3.10   1.0   0.0
  1 1992 175  12923  25.2  32.6   3.20   1.2   1.6
  1 1992 176  15911  23.9  32.4   3.12   2.3   0.0
  1 1992 177  11447  26.2  30.5   3.09   1.8   0.0
  1 1992 178   6371  25.7  29.0   2.93   2.1   3.4
  1 1992 179  11195  25.5  31.5   2.66   1.7   4.7
  1 1992 180  21562  24.5  33.4   2.96   1.5   0.0
  1 1992 181  21382  23.6  34.1   2.84   1.7   0.0
  1 1992 182  16811  26.0  32.2   3.14   1.3   0.0
  1 1992 183  12419  25.4  30.0   2.98   1.2   2.2
  1 1992 184  13535  24.0  30.0   2.89   1.2   0.3
  1 1992 185  19654  22.2  33.0   2.92   1.4   0.0
  1 1992 186  20626  23.5  34.1   3.16   1.2   0.0
  1 1992 187  21742  23.1  33.5   3.14   1.2   9.6
  1 1992 188  21418  22.4  32.9   3.12   1.2   0.0
  1 1992 189  22102  22.2  33.2   2.92   0.9   0.0
  1 1992 190  22786  23.7  34.6   3.04   1.2   0.0
  1 1992 191  23110  24.0  33.3   3.06   2.1   0.0
  1 1992 192   8387  25.7  30.2   3.02   1.1  13.4
  1 1992 193   5256  25.0  29.0   2.92   2.4   4.8
  1 1992 194  17279  24.6  33.0   3.05   1.6  42.1
  1 1992 195  14579  22.8  31.4   2.77   1.1   4.2
  1 1992 196  13031  23.8  30.1   3.02   1.0  28.6
  1 1992 197  13211  23.1  30.3   2.98   0.8   5.0
  1 1992 198  18647  22.9  31.8   3.12   1.8   0.0
  1 1992 199  18251  23.8  32.0   3.03   1.0   0.0
  1 1992 200  10619  23.5  31.2   2.98   1.0   3.4
  1 1992 201   4320  23.6  27.0   2.95   1.1  51.6
  1 1992 202   4032  24.5  26.6   2.90   1.9  30.8
  1 1992 203  15047  23.3  30.8   2.82   1.3   0.2
  1 1992 204  18611  23.7  31.2   2.96   1.6   0.0
  1 1992 205  16343  22.9  32.0   2.93   0.8   3.1
  1 1992 206  14651  24.3  30.7   2.83   1.2   1.6
  1 1992 207  14399  23.7  31.1   2.74   1.2  43.2
  1 1992 208  10943  24.5  31.0   2.92   0.9   1.1
  1 1992 209  17783  23.7  31.7   2.99   1.1  33.1
  1 1992 210  15443  23.2  31.1   3.01   1.2  37.5
  1 1992 211  17819  23.8  31.0   3.08   1.3  62.8
  1 1992 212  19870  23.8  32.0   2.98   1.0  16.9
  1 1992 213  15443  23.5  30.6   3.02   0.8   0.7
  1 1992 214  16991  24.0  32.2   2.97   1.0   2.0
  1 1992 215  19222  23.6  32.1   3.16   0.9   0.5
  1 1992 216  20986  24.0  33.5   3.16   1.1   0.4
  1 1992 217  15443  24.4  32.0   2.99   0.8   5.8
  1 1992 218  24982  23.0  32.6   2.94   1.2   0.0
  1 1992 219  24334  24.0  33.0   3.01   1.2   0.0
  1 1992 220  21778  24.0  32.5   3.04   1.0   0.0
  1 1992 221  18754  24.0  33.0   3.07   1.1   5.6
  1 1992 222   8963  23.7  29.5   3.07   1.3   4.7
  1 1992 223  16631  23.6  30.7   2.81   1.0   1.8
  1 1992 224  24118  22.7  31.0   2.64   1.1   0.0
  1 1992 225  27142  24.0  32.1   2.97   1.3   0.0
  1 1992 226  17207  23.5  31.1   3.14   0.9   0.2
  1 1992 227  18107  23.6  31.6   2.88   2.0   3.8
  1 1992 228  16415  24.7  31.1   2.99   2.2  16.9
  1 1992 229  11987  24.4  30.0   2.71   2.2  18.6
  1 1992 230   7883  25.1  29.5   2.91   2.6  64.0
  1 1992 231   7163  23.7  28.3   2.91   3.1  30.6
  1 1992 232   3816  24.4  28.4   2.95   1.9  18.4
  1 1992 233   2268  25.6  28.6   3.11   1.9  39.9
  1 1992 234  10871  24.0  31.5   2.94   1.4   3.4
  1 1992 235  15011  24.5  30.8   3.00   1.1   0.0
  1 1992 236  19078  23.6  32.9   3.02   1.1   0.0
  1 1992 237  24370  23.6  32.9   3.06   1.2   0.0
  1 1992 238  12275  24.4  32.5   2.99   1.1   2.5
  1 1992 239   5148  24.8  30.0   3.06   1.8  39.0
  1 1992 240   2412  23.7  28.1   3.05   2.9  19.6
  1 1992 241  13607  23.8  30.5   2.95   6.6   3.7
  1 1992 242  11519  26.8  30.2   2.85   6.8  13.0
  1 1992 243  12995  26.5  30.2   3.07   6.0   6.0
  1 1992 244  12743  26.0  31.5   3.00   2.9   2.0
  1 1992 245  16595  26.6  33.0   3.41   1.9   2.1
  1 1992 246  13499  26.3  32.2   3.15   1.4   2.3
  1 1992 247  13103  26.4  31.0   2.98   2.4   0.8
  1 1992 248  10511  27.0  30.0   2.99   2.3   0.0
  1 1992 249  16199  27.0  32.0   3.02   1.8   3.2
  1 1992 250  17207  23.6  32.5   2.92   1.0   0.0
  1 1992 251  17963  23.5  31.4   3.16   0.8   1.3
  1 1992 252  14939  23.7  30.5   3.20   0.8   2.8
  1 1992 253  15227  23.8  31.0   3.18   0.9   9.5
  1 1992 254  17423  23.2  31.0   3.06   1.0  30.0
  1 1992 255  16559  23.6  31.5   3.05   0.9   3.0
  1 1992 256  23254  23.2  31.9   3.05   1.4   0.0
  1 1992 257  25306  23.0  31.7   3.03   1.0   0.0
  1 1992 258  19906  23.5  32.5   3.13   1.2  10.6
  1 1992 259  11339  24.3  30.2   3.11   0.9  57.1
  1 1992 260  18647  23.3  32.0   2.93   1.0   0.3
  1 1992 261  15623  23.5  31.8   3.03   0.8  33.8
  1 1992 262  16811  23.5  30.6   3.02   1.2   2.9
  1 1992 263  20086  23.0  31.5   2.91   0.9   1.0
  1 1992 264   8387  24.1  29.6   3.08   3.9  25.4
  1 1992 265   4788  24.5  28.2   2.82   3.3  29.3
  1 1992 266  14687  24.4  31.5   2.78   1.1   0.0
  1 1992 267  21742  23.7  31.6   2.98   0.8   0.0
  1 1992 268  25306  23.6  33.1   3.12   1.0   0.0
  1 1992 269  23542  24.0  32.5   2.97   1.3   0.3
  1 1992 270  24838  24.4  31.2   2.95   1.7   0.0
  1 1992 271  13715  24.5  30.5   3.04   0.9   6.7
  1 1992 272  21994  24.7  32.7   3.12   0.9   0.0
  1 1992 273  16595  24.5  32.5   3.08   0.8   0.0
  1 1992 274  17423  23.6  31.5   2.86   1.3   3.6
  1 1992 275  21238  24.6  31.7   3.16   1.2   1.0
  1 1992 276  20446  24.5  31.5   3.13   1.5   0.0
  1 1992 277  21526  24.3  31.7   2.96   1.5   2.3
  1 1992 278  18754  24.0  31.5   3.06   0.9   0.0
  1 1992 279  17999  24.0  30.6   2.98   1.2   0.3
  1 1992 280  15407  24.0  30.1   2.92   1.4  12.1
  1 1992 281  17387  24.5  31.1   2.97   1.5   0.2
  1 1992 282  23362  24.6  31.0   2.87   1.9   0.4
  1 1992 283  11375  24.7  30.0   2.95   1.0   0.2
  1 1992 284  16991  23.5  30.5   2.92   0.9   0.0
  1 1992 285  20158  24.3  32.8   3.08   0.9   0.0
  1 1992 286  22138  23.6  33.4   2.89   1.1   0.0
  1 1992 287  20770  24.6  32.7   2.96   1.3   0.0
  1 1992 288  16703  24.5  32.1   3.04   1.3   3.3
  1 1992 289  17387  23.4  30.7   2.84   2.1   0.6
  1 1992 290  20158  24.6  32.1   2.91   1.9   0.3
  1 1992 291  16631  24.5  31.3   3.01   1.6   1.2
  1 1992 292  15875  24.5  31.0   2.84   1.4  19.7
  1 1992 293  15695  23.1  31.2   2.94   0.9  29.6
  1 1992 294  23290  23.0  31.5   2.79   1.4   0.0
  1 1992 295  16055  24.1  31.7   2.79   1.0   0.0
  1 1992 296  12383  24.5  30.1   2.80   1.1   0.0
  1 1992 297   9755  23.9  29.5   2.80   0.6   0.5
  1 1992 298  11231  24.6  29.5   2.98   1.1   0.0
  1 1992 299   2736  24.0  26.5   2.38   2.1  74.0
  1 1992 300   8351  22.0  28.7   2.91   2.3   4.0
  1 1992 301  11879  24.4  32.0   2.83   0.8  10.9
  1 1992 302  21634  23.5  32.0   2.97   1.3   0.0
  1 1992 303  22426  24.0  32.0   2.99   1.3   0.0
  1 1992 304  14723  23.3  31.0   2.90   1.1   2.4
  1 1992 305  16991  24.0  31.5   3.10   1.5   3.2
  1 1992 306  15803  24.0  31.0   2.81   1.9  65.1
  1 1992 307   4644  23.9  26.5   2.81   1.5  15.3
  1 1992 308  13175  23.4  29.0   2.81   1.5   0.4
  1 1992 309  15623  22.6  29.0   2.65   1.7   3.5
  1 1992 310  21922  21.8  29.7   2.64   1.7   0.0
  1 1992 311  22606  21.5  30.5   2.45   1.2   0.0
  1 1992 312  19114  20.4  29.5   2.45   1.5   0.0
  1 1992 313  17243  21.2  28.7   2.61   1.6   0.0
  1 1992 314   7019  22.7  27.5   2.68   2.1   3.1
  1 1992 315   7883  23.7  27.7   2.52   2.1  50.2
  1 1992 316   3852  23.5  26.1   2.82   1.3 153.7
  1 1992 317   6192  23.4  25.6   2.83   1.5  34.8
  1 1992 318   7703  23.1  28.6   2.66   1.4   1.6
  1 1992 319  13895  23.3  29.8   2.78   1.9   9.5
  1 1992 320  14399  22.9  28.6   2.73   1.6   8.9
  1 1992 321  14687  23.6  30.0   2.94   1.6  22.5
  1 1992 322  15875  23.6  30.0   3.00   1.2   0.0
  1 1992 323  14111  23.5  29.7   2.65   1.3   1.2
  1 1992 324  20806  23.4  30.8   2.79   1.0   0.0
  1 1992 325  15047  23.3  31.5   2.86   1.1   1.5
  1 1992 326  10727  24.0  28.0   2.79   1.9   0.0
  1 1992 327  12095  23.8  28.5   2.68   1.8   0.0
  1 1992 328  18467  22.1  29.5   2.45   2.2   0.0
  1 1992 329  17207  21.4  29.0   2.44   1.8   0.0
  1 1992 330  17783  22.0  29.0   2.41   1.7   0.0
  1 1992 331  15731  20.1  28.2   2.31   1.9   0.0
  1 1992 332  20590  20.0  29.0   2.14   2.0   0.0
  1 1992 333  21346  19.0  30.1   2.37   0.8   0.0
  1 1992 334  20122  19.7  31.0   2.51   1.0   0.1
  1 1992 335   9251  23.1  28.0   2.73   0.9   5.4
  1 1992 336  12203  22.8  28.0   2.76   1.6   1.3
  1 1992 337  11483  22.6  28.5   2.81   1.9   4.3
  1 1992 338  14039  23.2  28.5   2.60   2.4   5.2
  1 1992 339  16559  23.2  29.2   2.68   2.5  12.0
  1 1992 340  17999  23.5  29.5   2.71   2.5   0.1
  1 1992 341  18719  22.6  29.9   2.83   2.1   0.5
  1 1992 342  11267  22.7  29.0   2.82   1.2   0.5
  1 1992 343  15947  23.0  30.0   2.85   1.7   0.2
  1 1992 344  14615  22.4  29.5   2.66   1.6   0.9
  1 1992 345  14399  22.0  28.7   2.65   1.5   0.0
  1 1992 346  13175  23.7  28.7   2.69   1.9   0.0
  1 1992 347  23074  21.5  30.8   2.58   1.8   0.0
  1 1992 348  23650  21.0  31.0   2.47   1.8   0.0
  1 1992 349  12815  22.0  29.0   2.62   1.1   0.0
  1 1992 350   9791  24.0  27.2   2.66   1.3   1.0
  1 1992 351  14255  21.5  28.7   2.56   1.3   0.1
  1 1992 352  11735  22.5  27.8   2.63   1.6   2.2
  1 1992 353  19690  21.2  29.5   2.52   2.5  24.2
  1 1992 354   6192  23.1  27.7   2.71   1.8  14.4
  1 1992 355  15119  22.5  28.5   2.44   2.3   0.0
  1 1992 356  11627  22.5  28.0   2.50   1.7  15.0
  1 1992 357  14255  22.4  29.5   2.71   1.6   3.4
  1 1992 358  20518  21.5  28.5   2.49   2.1   0.0
  1 1992 359   9215  21.5  27.0   2.14   2.1   0.9
  1 1992 360  19330  21.2  28.6   2.47   3.0   0.4
  1 1992 361  14759  22.0  29.0   2.53   2.2   6.0
  1 1992 362   9683  22.7  27.0   2.72   1.7   0.8
  1 1992 363   9323  23.5  28.2   2.80   1.2   0.0
  1 1992 364  17531  22.9  29.6   2.67   1.7   0.4
  1 1992 365  21994  20.7  30.0   2.57   2.2   0.0
  1 1992 366  23650  20.5  29.5   2.51   1.7   0.0

";}}s:20:"custom_result_object";a:0:{}s:11:"current_row";i:0;s:8:"num_rows";i:1;s:8:"row_data";N;}