O:12:"CI_DB_result":8:{s:7:"conn_id";N;s:9:"result_id";N;s:12:"result_array";a:1:{i:0;a:9:{s:2:"id";s:2:"35";s:7:"country";s:11:"Philippines";s:12:"station_code";s:1:"2";s:12:"country_code";s:4:"phil";s:13:"site_latitude";N;s:14:"site_longitude";N;s:13:"site_altitude";N;s:4:"year";s:4:"2005";s:4:"data";s:19813:"*-----------------------------------------------------------
*  Station Name: IRDR0002    IRRI Dryland Site, Los Banos, Laguna
*  Author      : Climate Unit, IRRI    -99.: nil value
*  Source      : International Rice Research Institute (IRRI)
*
*  Comments    : This file is extracted from CLICOM database.
*  Longitude:  121 15 E   Latitude:  14 13 N   Altitude: 23.0 m
*
*  Column    Daily Value
*     1      Station number
*     2      Year
*     3      Day
*     4      irradiance         KJ m-2 d-1
*     5      min temperature            oC
*     6      max temperature            oC
*     7      vapor pressure            kPa
*     8      mean wind speed         m s-1
*     9      precipitation          mm d-1
*-----------------------------------------------------------
121.25  14.22  23.0  0.00  0.00
  2 2005   1  11195  22.9  27.5   2.40   2.1   0.0
  2 2005   2  11015  22.5  28.0   2.32   1.8   0.0
  2 2005   3  11303  23.5  29.1   2.55   1.7   0.3
  2 2005   4   6695  23.9  27.5   2.79   1.2   1.4
  2 2005   5   9683  24.0  29.5   2.84   1.5   0.6
  2 2005   6   8387  23.5  27.5   2.73   1.2   0.9
  2 2005   7  13211  21.5  29.8   2.53   1.8   0.6
  2 2005   8   7703  22.5  27.2   2.59   1.3   1.0
  2 2005   9  13787  21.1  30.0   2.45   1.8   1.0
  2 2005  10  12491  21.6  29.4   2.52   1.5   0.2
  2 2005  11  12311  21.9  29.6   2.50   1.1   2.0
  2 2005  12  10907  22.0  29.0   2.60   1.2   0.0
  2 2005  13  18898  21.9  31.5   2.58   1.2   0.0
  2 2005  14  18395  21.8  30.5   2.36   2.1   2.8
  2 2005  15  15803  21.4  28.8   2.12   1.1   0.1
  2 2005  16  18611  21.4  29.0   2.29   1.2   0.0
  2 2005  17   7199  21.4  24.9   2.30   1.6   1.4
  2 2005  18  12599  21.5  27.7   2.32   1.7   0.0
  2 2005  19  13607  22.4  29.0   2.72   1.6   0.5
  2 2005  20   8315  22.0  26.0   2.57   1.7   1.4
  2 2005  21  13895  21.1  30.0   2.38   2.0   0.0
  2 2005  22  13391  20.5  30.0   2.37   1.6   0.2
  2 2005  23  18611  22.0  30.0   2.31   1.9   0.0
  2 2005  24  19006  20.9  30.1   2.22   1.9   0.0
  2 2005  25  18898  20.5  30.1   2.35   1.3   0.0
  2 2005  26  21094  20.6  30.9   2.42   1.5   0.0
  2 2005  27  10907  22.5  30.1   2.51   1.4   0.0
  2 2005  28  18503  21.9  30.5   2.40   1.3   0.0
  2 2005  29  20410  17.5  31.1   2.27   1.6   0.0
  2 2005  30  16991  21.1  31.0   2.31   1.7   0.0
  2 2005  31  20698  22.1  31.1   2.32   1.5   0.0
  2 2005  32  20806  20.5  31.5   2.40   1.4   0.0
  2 2005  33  15911  22.5  29.4   2.45   1.7   0.0
  2 2005  34  15191  21.0  29.6   2.18   2.0   0.0
  2 2005  35  19978  23.0  31.1   2.47   1.9   0.0
  2 2005  36  15983  21.0  30.4   2.33   1.9   0.0
  2 2005  37  17891  22.1  30.6   2.30   2.2   2.4
  2 2005  38  15587  22.1  30.1   2.40   2.1   2.0
  2 2005  39  15407  22.0  30.3   2.43   2.0   0.3
  2 2005  40  11699  22.6  30.0   2.52   1.6   1.6
  2 2005  41  15299  23.5  31.5   2.68   1.8  11.6
  2 2005  42  11699  22.8  29.5   2.84   1.5   0.4
  2 2005  43  20878  23.0  30.6   2.48   2.0   0.0
  2 2005  44  21382  22.0  31.1   2.49   2.0   0.0
  2 2005  45  21202  23.0  31.4   2.42   2.2   0.0
  2 2005  46  12995  24.1  31.6   2.58   1.6   0.0
  2 2005  47  20806  22.6  32.8   2.54   1.9   0.0
  2 2005  48  19006  20.0  32.6   2.54   1.3   0.0
  2 2005  49  21598  22.0  32.4   2.65   1.4   0.0
  2 2005  50  10187  24.2  30.0   2.72   1.2   2.6
  2 2005  51  16091  24.4  31.5   2.59   1.7   0.0
  2 2005  52  17999  24.3  31.2   2.54   1.9   0.0
  2 2005  53  17711  23.5  31.7   2.64   1.2   0.0
  2 2005  54  22894  21.5  33.0   2.61   1.1   0.0
  2 2005  55  23110  21.3  34.7   2.70   2.2   0.0
  2 2005  56  23002  19.6  33.7   2.55   1.4   0.0
  2 2005  57  20698  22.2  33.0   2.62   1.3   0.0
  2 2005  58  21706  22.0  32.6   2.56   1.6   0.0
  2 2005  59  20302  19.0  31.7   2.45   1.3   0.0
  2 2005  60  21490  21.2  32.4   2.51   1.9   0.0
  2 2005  61  22210  19.4  32.4   2.38   1.4   0.0
  2 2005  62  20698  19.1  32.6   2.42   1.3   0.0
  2 2005  63   8891  22.6  29.5   2.52   1.4   0.0
  2 2005  64   8711  21.3  27.7   2.64   1.5   5.0
  2 2005  65   7991  22.8  27.0   2.32   2.3   0.0
  2 2005  66  19078  22.5  29.4   2.12   2.2   0.0
  2 2005  67  21202  21.9  31.4   2.23   2.1   0.0
  2 2005  68  23110  22.2  32.1   2.28   2.2   0.0
  2 2005  69  19690  22.5  31.6   2.60   1.7   0.0
  2 2005  70  23506  20.4  33.5   2.64   1.5   0.0
  2 2005  71  23686  22.5  33.9   2.60   1.6   0.0
  2 2005  72  21778  22.5  33.6   2.61   1.6   0.0
  2 2005  73  12095  24.0  30.2   2.52   2.2   0.0
  2 2005  74  20302  23.1  32.0   2.40   2.3   0.0
  2 2005  75  14903  23.0  31.1   2.31   2.3   0.3
  2 2005  76   3996  23.0  26.3   2.67   1.1  10.8
  2 2005  77  11987  23.2  30.0   3.03   1.6   7.0
  2 2005  78  10583  24.5  29.1   2.67   2.0   1.6
  2 2005  79  18395  24.0  30.7   2.77   2.3   0.0
  2 2005  80  21202  24.1  32.8   2.62   2.1   0.7
  2 2005  81  22390  23.8  32.9   2.66   2.2   0.0
  2 2005  82  23110  24.0  33.4   2.58   2.0   0.0
  2 2005  83  22786  23.1  33.4   2.64   2.0   2.6
  2 2005  84   6084  23.7  26.5   2.73   1.8   5.6
  2 2005  85   5904  23.5  27.9   2.60   1.5   0.0
  2 2005  86  15515  24.0  31.2   2.84   1.8   6.4
  2 2005  87  21598  25.0  34.0   2.98   1.5   0.0
  2 2005  88  18107  24.9  34.0   2.95   1.1   0.0
  2 2005  89  20590  24.5  34.6   2.90   1.1   0.0
  2 2005  90  23182  23.7  34.0   2.90   1.8   0.0
  2 2005  91  24082  23.1  34.2   2.80   1.7   0.0
  2 2005  92  25090  24.5  35.1   2.61   1.7   0.0
  2 2005  93  21778  23.5  34.6   2.77   1.2  27.8
  2 2005  94   6012  23.8  27.0   2.84   2.1   6.6
  2 2005  95  19078  23.0  29.4   2.14   2.4   0.0
  2 2005  96  21094  22.0  31.2   2.30   1.9   0.0
  2 2005  97  21706  23.5  32.2   2.63   1.8   0.0
  2 2005  98  21886  24.2  32.4   2.62   1.9   0.0
  2 2005  99  17711  23.3  32.4   2.56   1.5   0.0
  2 2005 100  23686  22.6  33.6   2.80   1.9   0.0
  2 2005 101  23902  22.5  34.0   2.51   1.8   0.0
  2 2005 102  24478  23.8  34.0   2.70   1.8   0.0
  2 2005 103  24190  23.0  34.2   2.62   1.7   0.0
  2 2005 104  23182  22.3  34.1   2.56   1.7   0.0
  2 2005 105  21598  23.5  34.0   2.68   1.7   1.3
  2 2005 106  10583  24.0  29.5   2.88   1.2   5.8
  2 2005 107  20410  22.6  32.7   2.74   1.7   0.0
  2 2005 108  18287  22.9  32.6   2.79   1.7   0.0
  2 2005 109  24190  23.7  34.0   2.64   1.9   0.0
  2 2005 110  24406  23.5  34.0   2.57   1.7   0.0
  2 2005 111  24010  22.1  33.8   2.51   1.8   0.0
  2 2005 112  23578  22.2  34.3   2.68   1.7   0.0
  2 2005 113  20806  23.5  34.5   2.82   1.3   0.0
  2 2005 114  21490  26.5  35.0   2.68   1.4   0.0
  2 2005 115  19906  23.5  35.4   2.83   1.4   1.4
  2 2005 116  19906  24.0  35.8   2.93   1.6   6.6
  2 2005 117  17783  26.2  34.5   3.05   1.0   4.0
  2 2005 118  20086  25.2  36.1   3.07   1.2   0.0
  2 2005 119  18898  26.3  34.3   3.09   1.0   2.6
  2 2005 120  23686  25.8  34.9   2.91   2.0   0.0
  2 2005 121  17783  23.5  34.1   2.91   1.5   0.0
  2 2005 122  19402  25.0  34.9   2.98   1.6   0.0
  2 2005 123  21382  25.5  35.1   3.02   1.9   0.0
  2 2005 124  21490  23.5  35.0   2.60   1.6   0.0
  2 2005 125  21202  26.0  35.5   2.78   1.5   0.0
  2 2005 126  18683  23.6  35.2   2.85   1.9   0.0
  2 2005 127  20698  24.7  36.4   2.97   1.3   0.0
  2 2005 128  23506  24.5  37.2   3.09   1.2   0.0
  2 2005 129  18395  24.4  36.6   3.07   1.6   0.0
  2 2005 130  17783  25.0  36.2   3.05   2.1   2.9
  2 2005 131  22102  25.5  35.2   3.21   1.4   0.0
  2 2005 132  13391  26.3  34.4   3.17   1.7   0.6
  2 2005 133  21994  24.5  37.5   3.37   2.1   0.0
  2 2005 134  24190  25.0  36.8   3.02   2.6   0.0
  2 2005 135  23686  24.7  37.1   3.21   1.7   0.0
  2 2005 136  25594  25.0  37.7   2.93   1.3   0.0
  2 2005 137  25594  25.0  37.8   3.11   1.5   0.0
  2 2005 138  23290  24.0  36.9   3.17   1.3   0.0
  2 2005 139  20482  27.0  34.4   2.94   1.8   3.0
  2 2005 140  23290  26.0  36.2   3.37   1.7   0.0
  2 2005 141  20590  25.2  36.0   2.80   1.8   0.0
  2 2005 142  16595  24.7  35.7   2.91   1.5   0.0
  2 2005 143  16307  24.0  35.6   3.07   1.6   0.0
  2 2005 144  15983  25.5  34.6   3.04   1.2   4.2
  2 2005 145  15911  25.0  33.5   2.89   1.2  12.8
  2 2005 146  17099  25.0  35.0   3.17   1.1   8.2
  2 2005 147  15695  25.2  34.5   3.01   1.0   4.4
  2 2005 148  16991  25.5  33.4   3.09   1.2  28.6
  2 2005 149  20482  23.5  33.5   3.04   1.1   0.0
  2 2005 150  19294  24.5  33.5   3.13   1.6   0.0
  2 2005 151  13283  24.5  32.2   3.05   0.9  27.5
  2 2005 152  15695  25.0  33.5   3.24   1.4   8.8
  2 2005 153  15983  25.2  33.1   3.18   1.2   0.0
  2 2005 154  19402  25.5  34.5   3.00   0.9   0.0
  2 2005 155  20410  25.0  32.5   3.01   1.7   0.0
  2 2005 156  19402  25.4  33.6   2.92   1.9   0.0
  2 2005 157  11987  25.3  32.6   3.00   2.2   0.5
  2 2005 158  16415  25.0  33.5   3.06   2.2   2.0
  2 2005 159   9683  25.5  32.2   2.84   1.9   2.1
  2 2005 160  15407  24.4  31.6   3.04   1.3   0.0
  2 2005 161  20590  24.4  35.5   3.14   1.5   0.0
  2 2005 162  19510  25.5  34.8   3.14   1.1   0.0
  2 2005 163  14507  25.0  35.4   3.04   1.5   0.2
  2 2005 164  18790  24.8  36.1   3.29   1.3   0.0
  2 2005 165  19186  24.4  35.0   3.13   1.4   0.0
  2 2005 166  19294  24.6  35.2   2.97   2.0   0.7
  2 2005 167  21202  23.5  36.0   3.09   1.6   0.0
  2 2005 168  16415  25.4  33.4   3.12   0.8   7.2
  2 2005 169  17999  24.0  34.6   3.10   0.8   3.4
  2 2005 170  21310  23.6  35.5   3.09   1.5   0.0
  2 2005 171  21490  24.0  35.0   3.04   2.1   0.0
  2 2005 172  21706  24.3  35.2   3.11   2.2   0.0
  2 2005 173  21310  25.2  35.7   3.13   1.8   0.0
  2 2005 174  20590  24.0  35.7   3.10   2.0   0.0
  2 2005 175  15515  25.5  33.5   2.96   1.2   0.5
  2 2005 176  16415  25.3  33.3   3.05   1.3   0.0
  2 2005 177  14903  25.5  31.7   3.01   1.3   5.4
  2 2005 178  11915  25.5  30.8   2.93   0.8  31.1
  2 2005 179  15083  25.6  32.3   2.87   0.9   4.6
  2 2005 180  15407  25.5  32.6   3.02   0.8   7.7
  2 2005 181   7487  25.5  29.5   2.98   1.1   0.0
  2 2005 182  18107  25.0  32.4   2.92   1.6   2.8
  2 2005 183  13211  25.1  32.0   3.09   1.0   3.4
  2 2005 184  18503  24.5  33.1   2.94   1.0   5.8
  2 2005 185  12383  24.5  29.7   2.89   1.2  24.7
  2 2005 186   3420  24.5  27.0   2.82   1.0  14.6
  2 2005 187  13283  23.4  31.8   2.85   1.7   0.0
  2 2005 188  15911  23.0  34.4   2.94   0.9   0.0
  2 2005 189  15983  23.6  33.9   2.99   1.1   6.5
  2 2005 190  18611  25.0  33.0   3.00   1.4   7.4
  2 2005 191  23182  24.2  33.0   3.01   1.7   0.0
  2 2005 192  21382  23.7  34.8   2.96   1.0   0.0
  2 2005 193  22102  26.2  34.2   3.22   1.4   0.0
  2 2005 194  10115  24.9  31.4   3.14   0.9   0.0
  2 2005 195  21706  24.9  33.1   2.91   1.5   7.6
  2 2005 196  19906  25.5  33.8   3.02   1.1   0.0
  2 2005 197  18611  24.5  34.2   3.07   1.7   0.0
  2 2005 198  18898  25.3  34.2   3.02   2.9   4.1
  2 2005 199  10583  26.0  31.4   3.14   2.7   2.4
  2 2005 200  15011  25.5  33.0   2.90   2.1   0.1
  2 2005 201  12599  25.6  33.0   3.24   1.6  18.2
  2 2005 202  12995  25.0  31.7   3.20   1.2   0.0
  2 2005 203  18395  24.0  33.6   3.17   1.1   0.0
  2 2005 204  16199  23.7  33.1   2.92   0.9   2.2
  2 2005 205  13607  24.0  31.0   2.99   1.0  16.0
  2 2005 206  13283  23.0  32.2   3.02   1.0  13.6
  2 2005 207  14003  23.7  32.8   3.05   1.2   8.8
  2 2005 208  12707  24.5  31.1   3.07   1.7   0.0
  2 2005 209  17207  25.0  32.0   3.07   1.7   0.4
  2 2005 210  16991  24.5  33.5   2.80   1.1   3.0
  2 2005 211  19294  24.0  33.3   2.98   1.0   6.6
  2 2005 212  24910  23.1  34.4   2.93   1.1   2.5
  2 2005 213  17711  25.3  33.5   3.04   1.2   6.4
  2 2005 214  19078  23.2  33.4   2.90   1.9   0.0
  2 2005 215  15011  26.4  32.7   3.01   2.0   2.8
  2 2005 216  15191  26.6  33.0   3.25   2.6   5.8
  2 2005 217   6084  26.0  29.5   3.35   2.9  25.8
  2 2005 218   6407  25.5  28.6   2.95   2.8  12.1
  2 2005 219   5184  24.7  27.5   2.90   2.5   0.9
  2 2005 220   7091  25.0  29.1   2.77   2.3   7.3
  2 2005 221   8891  24.4  30.0   3.09   1.2   3.2
  2 2005 222   5796  24.4  29.3   3.00   0.9  25.2
  2 2005 223   4284  24.0  28.6   2.97   3.1  33.2
  2 2005 224   5400  24.9  27.4   2.92   2.2  13.2
  2 2005 225  11015  24.5  31.5   2.79   1.2   0.0
  2 2005 226  17783  24.0  32.5   2.95   0.7   0.0
  2 2005 227  16307  22.5  31.0   2.86   1.0   0.0
  2 2005 228  12599  23.5  31.6   3.05   0.6   0.0
  2 2005 229  20086  23.5  33.7   2.82   1.2   0.1
  2 2005 230  19402  23.7  33.6   3.03   1.0   0.3
  2 2005 231  20698  23.5  34.0   3.05   0.9  31.4
  2 2005 232  19186  24.0  34.6   3.01   0.7   3.8
  2 2005 233  22102  23.7  33.1   3.08   0.9   0.0
  2 2005 234  23182  23.7  34.2   3.06   1.0   0.0
  2 2005 235  22210  23.0  34.8   2.96   1.2   0.0
  2 2005 236  20590  24.0  33.9   3.04   1.2   0.0
  2 2005 237   9215  24.7  30.6   3.15   1.1   7.4
  2 2005 238   6695  24.5  29.0   2.96   0.8   6.5
  2 2005 239  18683  23.0  32.5   2.86   1.3   3.6
  2 2005 240  15515  24.1  33.0   2.98   0.8   2.6
  2 2005 241  14615  23.1  31.8   3.10   0.7   2.6
  2 2005 242  17783  23.5  32.5   2.95   1.1   1.7
  2 2005 243  13715  25.0  30.4   3.12   2.2   0.8
  2 2005 244  19006  25.8  32.0   3.21   1.9   0.0
  2 2005 245  15299  24.0  32.1   2.94   0.9  13.4
  2 2005 246  13787  24.0  32.1   3.07   1.0   8.6
  2 2005 247  14687  24.8  32.4   2.99   1.0   9.3
  2 2005 248  15011  24.0  31.6   3.02   0.7   2.0
  2 2005 249  12095  24.8  30.4   3.06   0.6   0.2
  2 2005 250  19510  24.2  31.5   3.05   1.2   1.4
  2 2005 251  19006  24.2  33.0   2.98   1.0   0.0
  2 2005 252  18683  23.7  33.1   3.07   0.9   0.0
  2 2005 253  16487  24.0  34.0   3.06   0.9   0.9
  2 2005 254  19906  23.8  32.5   3.04   2.7   3.3
  2 2005 255  19186  25.5  33.0   3.03   1.9  48.2
  2 2005 256  18898  23.5  31.7   2.71   0.9   0.4
  2 2005 257   6911  24.0  29.6   3.05   0.8  24.1
  2 2005 258   3996  23.9  25.8   2.92   1.4  88.3
  2 2005 259   4212  23.8  26.5   2.91   2.0  20.2
  2 2005 260  16811  24.7  32.3   2.97   1.5   0.0
  2 2005 261  14687  23.3  32.4   3.03   1.0   0.1
  2 2005 262   7703  22.8  28.5   2.73   1.4   4.0
  2 2005 263   5616  23.6  29.0   2.88   0.8   3.0
  2 2005 264  15695  24.6  31.2   3.17   3.8   0.4
  2 2005 265  20986  26.6  32.4   3.03   3.1   0.0
  2 2005 266   8207  25.8  30.6   2.87   2.0  23.0
  2 2005 267   8387  23.0  28.9   2.91   0.9   7.0
  2 2005 268  21706  21.1  32.0   2.93   0.8   0.0
  2 2005 269  22102  22.0  32.7   2.98   1.0  13.6
  2 2005 270  23002  24.0  33.2   2.95   0.9   0.0
  2 2005 271  20302  23.6  32.9   2.98   1.2   0.0
  2 2005 272  21706  24.8  32.5   2.92   1.3   0.0
  2 2005 273  22390  24.5  32.9   2.89   1.3   1.0
  2 2005 274  13103  24.4  32.4   2.93   0.5   0.6
  2 2005 275  17495  23.8  30.8   3.00   0.9   4.2
  2 2005 276  16703  23.1  33.2   3.07   1.0   4.3
  2 2005 277  15983  24.3  31.2   2.86   1.1  18.5
  2 2005 278  14903  23.5  31.4   2.86   0.6   0.0
  2 2005 279   8099  24.5  30.3   3.09   0.8  14.5
  2 2005 280  10907  25.0  30.1   3.05   0.7   5.8
  2 2005 281  13103  24.0  31.0   2.94   0.8   2.8
  2 2005 282  12707  24.0  30.5   3.12   0.6   4.6
  2 2005 283  19906  23.6  33.7   3.05   0.9   0.0
  2 2005 284  15695  24.0  32.6   3.10   0.8  21.3
  2 2005 285  17207  23.5  32.8   3.00   1.1   0.4
  2 2005 286  17315  22.8  35.0   3.04   1.0   1.1
  2 2005 287  19186  23.5  32.4   2.97   0.8   0.4
  2 2005 288  23506  22.6  33.7   2.90   1.1   0.0
  2 2005 289  20410  23.1  34.0   3.02   1.2   9.9
  2 2005 290   5112  25.0  29.0   3.01   0.8   5.2
  2 2005 291   9899  24.8  30.6   2.99   1.4   1.2
  2 2005 292   7703  24.5  28.8   2.83   1.1  12.6
  2 2005 293  16199  24.5  32.5   2.89   1.1   0.0
  2 2005 294  13895  25.0  32.0   2.97   1.3   0.0
  2 2005 295  16487  23.8  31.4   2.89   1.6   0.0
  2 2005 296  17495  25.1  31.5   2.69   1.9   0.7
  2 2005 297  13715  24.5  31.0   2.79   1.5   0.8
  2 2005 298  19006  24.7  32.2   2.89   1.8   0.0
  2 2005 299  11195  24.5  30.4   2.93   1.3  19.8
  2 2005 300   4104  24.1  26.6   2.86   1.2  72.6
  2 2005 301   6983  24.3  28.5   2.97   1.0  12.4
  2 2005 302  10295  24.2  29.1   2.86   1.3   0.0
  2 2005 303  11087  24.5  29.9   2.76   0.8  25.8
  2 2005 304  10583  23.2  29.4   2.88   1.0   6.8
  2 2005 305  14399  24.7  30.9   3.01   1.4  12.6
  2 2005 306  15191  25.0  31.2   2.96   1.7   3.4
  2 2005 307  10403  25.2  29.0   3.14   1.4   3.5
  2 2005 308  16199  25.6  31.8   3.15   1.8   0.6
  2 2005 309  15695  25.5  31.5   3.20   1.2   1.4
  2 2005 310  18287  25.0  31.5   2.85   1.3   0.0
  2 2005 311  20482  24.0  33.0   2.84   1.5   0.0
  2 2005 312  18683  24.4  32.6   2.91   1.2   0.0
  2 2005 313  15803  25.2  31.6   2.93   1.4   3.5
  2 2005 314   3816  24.2  27.5   2.80   0.9   1.2
  2 2005 315  16883  22.5  32.5   2.90   0.6   0.0
  2 2005 316  12995  22.7  31.8   2.96   0.9   2.1
  2 2005 317  16991  24.8  32.1   3.04   1.3   0.6
  2 2005 318  14687  23.5  31.7   2.95   1.2   5.4
  2 2005 319  16883  24.1  31.5   2.94   1.0   0.4
  2 2005 320  16595  22.0  32.2   2.80   1.1   5.4
  2 2005 321   8387  23.6  30.0   2.73   1.5   1.1
  2 2005 322  12599  22.9  29.6   2.33   1.3   0.2
  2 2005 323   4896  22.5  26.5   2.50   1.1   0.4
  2 2005 324  13499  22.0  31.6   2.45   0.8   0.0
  2 2005 325  15983  21.0  32.6   2.75   1.0   0.1
  2 2005 326  17495  24.5  32.1   2.94   1.4   0.0
  2 2005 327  19006  24.7  32.7   2.88   1.7   1.3
  2 2005 328  13715  25.0  30.4   3.06   1.4  12.4
  2 2005 329   9215  24.9  29.4   2.98   1.2   3.0
  2 2005 330  13103  24.5  31.0   2.85   1.6   2.6
  2 2005 331   9503  24.8  29.5   2.97   1.4  10.5
  2 2005 332  12203  24.5  30.5   2.97   1.4   0.0
  2 2005 333  16487  24.5  32.2   2.88   1.2  23.0
  2 2005 334   8891  24.3  29.5   2.82   1.2   2.4
  2 2005 335  20698  24.1  32.5   2.97   1.5   0.0
  2 2005 336  16703  25.1  32.0   2.90   1.7   6.1
  2 2005 337  14687  25.0  31.2   3.03   1.4   0.4
  2 2005 338  14291  24.0  31.4   2.79   1.5   0.0
  2 2005 339  16811  23.9  31.0   3.03   2.2  68.7
  2 2005 340   3312  23.5  24.2   2.78   1.5  36.4
  2 2005 341   6695  23.2  26.7   2.57   1.6  16.8
  2 2005 342   4896  23.1  25.5   2.82   1.4  61.0
  2 2005 343   7883  23.4  27.0   2.93   1.0  34.4
  2 2005 344  13499  23.9  29.1   2.90   1.3  33.0
  2 2005 345   7991  23.6  27.7   2.86   1.2   0.2
  2 2005 346  17387  24.5  31.8   2.77   1.7  26.8
  2 2005 347  14615  24.0  29.0   2.86   1.7  24.9
  2 2005 348   5508  23.5  26.5   2.82   1.5  50.6
  2 2005 349   8891  23.4  28.1   2.77   1.7   4.1
  2 2005 350   8315  23.6  28.6   2.69   2.8   5.2
  2 2005 351   5004  24.0  26.4   2.84   2.3  13.6
  2 2005 352   5904  22.6  25.5   2.42   2.9   0.6
  2 2005 353   7091  22.8  26.4   2.50   1.3  10.6
  2 2005 354   7487  23.5  27.5   2.88   1.4  16.6
  2 2005 355   6084  23.5  27.0   2.80   1.3   5.0
  2 2005 356   7883  23.5  26.5   2.48   2.3   0.4
  2 2005 357  12311  22.6  26.5   2.29   1.8   0.0
  2 2005 358  12311  21.0  26.6   1.98   1.5   0.0
  2 2005 359  12203  21.5  28.2   2.33   1.6   0.1
  2 2005 360   3708  22.8  25.2   2.40   1.4   2.3
  2 2005 361   5004  23.0  27.1   2.74   1.6   0.1
  2 2005 362  10583  23.6  31.0   2.90   1.2   0.6
  2 2005 363  11303  23.6  30.0   2.82   1.5   0.0
  2 2005 364  12707  24.5  30.5   2.72   1.6   0.4
  2 2005 365  10511  24.5  28.9   2.74   1.6   1.5
";}}s:13:"result_object";a:1:{i:0;O:8:"stdClass":9:{s:2:"id";s:2:"35";s:7:"country";s:11:"Philippines";s:12:"station_code";s:1:"2";s:12:"country_code";s:4:"phil";s:13:"site_latitude";N;s:14:"site_longitude";N;s:13:"site_altitude";N;s:4:"year";s:4:"2005";s:4:"data";s:19813:"*-----------------------------------------------------------
*  Station Name: IRDR0002    IRRI Dryland Site, Los Banos, Laguna
*  Author      : Climate Unit, IRRI    -99.: nil value
*  Source      : International Rice Research Institute (IRRI)
*
*  Comments    : This file is extracted from CLICOM database.
*  Longitude:  121 15 E   Latitude:  14 13 N   Altitude: 23.0 m
*
*  Column    Daily Value
*     1      Station number
*     2      Year
*     3      Day
*     4      irradiance         KJ m-2 d-1
*     5      min temperature            oC
*     6      max temperature            oC
*     7      vapor pressure            kPa
*     8      mean wind speed         m s-1
*     9      precipitation          mm d-1
*-----------------------------------------------------------
121.25  14.22  23.0  0.00  0.00
  2 2005   1  11195  22.9  27.5   2.40   2.1   0.0
  2 2005   2  11015  22.5  28.0   2.32   1.8   0.0
  2 2005   3  11303  23.5  29.1   2.55   1.7   0.3
  2 2005   4   6695  23.9  27.5   2.79   1.2   1.4
  2 2005   5   9683  24.0  29.5   2.84   1.5   0.6
  2 2005   6   8387  23.5  27.5   2.73   1.2   0.9
  2 2005   7  13211  21.5  29.8   2.53   1.8   0.6
  2 2005   8   7703  22.5  27.2   2.59   1.3   1.0
  2 2005   9  13787  21.1  30.0   2.45   1.8   1.0
  2 2005  10  12491  21.6  29.4   2.52   1.5   0.2
  2 2005  11  12311  21.9  29.6   2.50   1.1   2.0
  2 2005  12  10907  22.0  29.0   2.60   1.2   0.0
  2 2005  13  18898  21.9  31.5   2.58   1.2   0.0
  2 2005  14  18395  21.8  30.5   2.36   2.1   2.8
  2 2005  15  15803  21.4  28.8   2.12   1.1   0.1
  2 2005  16  18611  21.4  29.0   2.29   1.2   0.0
  2 2005  17   7199  21.4  24.9   2.30   1.6   1.4
  2 2005  18  12599  21.5  27.7   2.32   1.7   0.0
  2 2005  19  13607  22.4  29.0   2.72   1.6   0.5
  2 2005  20   8315  22.0  26.0   2.57   1.7   1.4
  2 2005  21  13895  21.1  30.0   2.38   2.0   0.0
  2 2005  22  13391  20.5  30.0   2.37   1.6   0.2
  2 2005  23  18611  22.0  30.0   2.31   1.9   0.0
  2 2005  24  19006  20.9  30.1   2.22   1.9   0.0
  2 2005  25  18898  20.5  30.1   2.35   1.3   0.0
  2 2005  26  21094  20.6  30.9   2.42   1.5   0.0
  2 2005  27  10907  22.5  30.1   2.51   1.4   0.0
  2 2005  28  18503  21.9  30.5   2.40   1.3   0.0
  2 2005  29  20410  17.5  31.1   2.27   1.6   0.0
  2 2005  30  16991  21.1  31.0   2.31   1.7   0.0
  2 2005  31  20698  22.1  31.1   2.32   1.5   0.0
  2 2005  32  20806  20.5  31.5   2.40   1.4   0.0
  2 2005  33  15911  22.5  29.4   2.45   1.7   0.0
  2 2005  34  15191  21.0  29.6   2.18   2.0   0.0
  2 2005  35  19978  23.0  31.1   2.47   1.9   0.0
  2 2005  36  15983  21.0  30.4   2.33   1.9   0.0
  2 2005  37  17891  22.1  30.6   2.30   2.2   2.4
  2 2005  38  15587  22.1  30.1   2.40   2.1   2.0
  2 2005  39  15407  22.0  30.3   2.43   2.0   0.3
  2 2005  40  11699  22.6  30.0   2.52   1.6   1.6
  2 2005  41  15299  23.5  31.5   2.68   1.8  11.6
  2 2005  42  11699  22.8  29.5   2.84   1.5   0.4
  2 2005  43  20878  23.0  30.6   2.48   2.0   0.0
  2 2005  44  21382  22.0  31.1   2.49   2.0   0.0
  2 2005  45  21202  23.0  31.4   2.42   2.2   0.0
  2 2005  46  12995  24.1  31.6   2.58   1.6   0.0
  2 2005  47  20806  22.6  32.8   2.54   1.9   0.0
  2 2005  48  19006  20.0  32.6   2.54   1.3   0.0
  2 2005  49  21598  22.0  32.4   2.65   1.4   0.0
  2 2005  50  10187  24.2  30.0   2.72   1.2   2.6
  2 2005  51  16091  24.4  31.5   2.59   1.7   0.0
  2 2005  52  17999  24.3  31.2   2.54   1.9   0.0
  2 2005  53  17711  23.5  31.7   2.64   1.2   0.0
  2 2005  54  22894  21.5  33.0   2.61   1.1   0.0
  2 2005  55  23110  21.3  34.7   2.70   2.2   0.0
  2 2005  56  23002  19.6  33.7   2.55   1.4   0.0
  2 2005  57  20698  22.2  33.0   2.62   1.3   0.0
  2 2005  58  21706  22.0  32.6   2.56   1.6   0.0
  2 2005  59  20302  19.0  31.7   2.45   1.3   0.0
  2 2005  60  21490  21.2  32.4   2.51   1.9   0.0
  2 2005  61  22210  19.4  32.4   2.38   1.4   0.0
  2 2005  62  20698  19.1  32.6   2.42   1.3   0.0
  2 2005  63   8891  22.6  29.5   2.52   1.4   0.0
  2 2005  64   8711  21.3  27.7   2.64   1.5   5.0
  2 2005  65   7991  22.8  27.0   2.32   2.3   0.0
  2 2005  66  19078  22.5  29.4   2.12   2.2   0.0
  2 2005  67  21202  21.9  31.4   2.23   2.1   0.0
  2 2005  68  23110  22.2  32.1   2.28   2.2   0.0
  2 2005  69  19690  22.5  31.6   2.60   1.7   0.0
  2 2005  70  23506  20.4  33.5   2.64   1.5   0.0
  2 2005  71  23686  22.5  33.9   2.60   1.6   0.0
  2 2005  72  21778  22.5  33.6   2.61   1.6   0.0
  2 2005  73  12095  24.0  30.2   2.52   2.2   0.0
  2 2005  74  20302  23.1  32.0   2.40   2.3   0.0
  2 2005  75  14903  23.0  31.1   2.31   2.3   0.3
  2 2005  76   3996  23.0  26.3   2.67   1.1  10.8
  2 2005  77  11987  23.2  30.0   3.03   1.6   7.0
  2 2005  78  10583  24.5  29.1   2.67   2.0   1.6
  2 2005  79  18395  24.0  30.7   2.77   2.3   0.0
  2 2005  80  21202  24.1  32.8   2.62   2.1   0.7
  2 2005  81  22390  23.8  32.9   2.66   2.2   0.0
  2 2005  82  23110  24.0  33.4   2.58   2.0   0.0
  2 2005  83  22786  23.1  33.4   2.64   2.0   2.6
  2 2005  84   6084  23.7  26.5   2.73   1.8   5.6
  2 2005  85   5904  23.5  27.9   2.60   1.5   0.0
  2 2005  86  15515  24.0  31.2   2.84   1.8   6.4
  2 2005  87  21598  25.0  34.0   2.98   1.5   0.0
  2 2005  88  18107  24.9  34.0   2.95   1.1   0.0
  2 2005  89  20590  24.5  34.6   2.90   1.1   0.0
  2 2005  90  23182  23.7  34.0   2.90   1.8   0.0
  2 2005  91  24082  23.1  34.2   2.80   1.7   0.0
  2 2005  92  25090  24.5  35.1   2.61   1.7   0.0
  2 2005  93  21778  23.5  34.6   2.77   1.2  27.8
  2 2005  94   6012  23.8  27.0   2.84   2.1   6.6
  2 2005  95  19078  23.0  29.4   2.14   2.4   0.0
  2 2005  96  21094  22.0  31.2   2.30   1.9   0.0
  2 2005  97  21706  23.5  32.2   2.63   1.8   0.0
  2 2005  98  21886  24.2  32.4   2.62   1.9   0.0
  2 2005  99  17711  23.3  32.4   2.56   1.5   0.0
  2 2005 100  23686  22.6  33.6   2.80   1.9   0.0
  2 2005 101  23902  22.5  34.0   2.51   1.8   0.0
  2 2005 102  24478  23.8  34.0   2.70   1.8   0.0
  2 2005 103  24190  23.0  34.2   2.62   1.7   0.0
  2 2005 104  23182  22.3  34.1   2.56   1.7   0.0
  2 2005 105  21598  23.5  34.0   2.68   1.7   1.3
  2 2005 106  10583  24.0  29.5   2.88   1.2   5.8
  2 2005 107  20410  22.6  32.7   2.74   1.7   0.0
  2 2005 108  18287  22.9  32.6   2.79   1.7   0.0
  2 2005 109  24190  23.7  34.0   2.64   1.9   0.0
  2 2005 110  24406  23.5  34.0   2.57   1.7   0.0
  2 2005 111  24010  22.1  33.8   2.51   1.8   0.0
  2 2005 112  23578  22.2  34.3   2.68   1.7   0.0
  2 2005 113  20806  23.5  34.5   2.82   1.3   0.0
  2 2005 114  21490  26.5  35.0   2.68   1.4   0.0
  2 2005 115  19906  23.5  35.4   2.83   1.4   1.4
  2 2005 116  19906  24.0  35.8   2.93   1.6   6.6
  2 2005 117  17783  26.2  34.5   3.05   1.0   4.0
  2 2005 118  20086  25.2  36.1   3.07   1.2   0.0
  2 2005 119  18898  26.3  34.3   3.09   1.0   2.6
  2 2005 120  23686  25.8  34.9   2.91   2.0   0.0
  2 2005 121  17783  23.5  34.1   2.91   1.5   0.0
  2 2005 122  19402  25.0  34.9   2.98   1.6   0.0
  2 2005 123  21382  25.5  35.1   3.02   1.9   0.0
  2 2005 124  21490  23.5  35.0   2.60   1.6   0.0
  2 2005 125  21202  26.0  35.5   2.78   1.5   0.0
  2 2005 126  18683  23.6  35.2   2.85   1.9   0.0
  2 2005 127  20698  24.7  36.4   2.97   1.3   0.0
  2 2005 128  23506  24.5  37.2   3.09   1.2   0.0
  2 2005 129  18395  24.4  36.6   3.07   1.6   0.0
  2 2005 130  17783  25.0  36.2   3.05   2.1   2.9
  2 2005 131  22102  25.5  35.2   3.21   1.4   0.0
  2 2005 132  13391  26.3  34.4   3.17   1.7   0.6
  2 2005 133  21994  24.5  37.5   3.37   2.1   0.0
  2 2005 134  24190  25.0  36.8   3.02   2.6   0.0
  2 2005 135  23686  24.7  37.1   3.21   1.7   0.0
  2 2005 136  25594  25.0  37.7   2.93   1.3   0.0
  2 2005 137  25594  25.0  37.8   3.11   1.5   0.0
  2 2005 138  23290  24.0  36.9   3.17   1.3   0.0
  2 2005 139  20482  27.0  34.4   2.94   1.8   3.0
  2 2005 140  23290  26.0  36.2   3.37   1.7   0.0
  2 2005 141  20590  25.2  36.0   2.80   1.8   0.0
  2 2005 142  16595  24.7  35.7   2.91   1.5   0.0
  2 2005 143  16307  24.0  35.6   3.07   1.6   0.0
  2 2005 144  15983  25.5  34.6   3.04   1.2   4.2
  2 2005 145  15911  25.0  33.5   2.89   1.2  12.8
  2 2005 146  17099  25.0  35.0   3.17   1.1   8.2
  2 2005 147  15695  25.2  34.5   3.01   1.0   4.4
  2 2005 148  16991  25.5  33.4   3.09   1.2  28.6
  2 2005 149  20482  23.5  33.5   3.04   1.1   0.0
  2 2005 150  19294  24.5  33.5   3.13   1.6   0.0
  2 2005 151  13283  24.5  32.2   3.05   0.9  27.5
  2 2005 152  15695  25.0  33.5   3.24   1.4   8.8
  2 2005 153  15983  25.2  33.1   3.18   1.2   0.0
  2 2005 154  19402  25.5  34.5   3.00   0.9   0.0
  2 2005 155  20410  25.0  32.5   3.01   1.7   0.0
  2 2005 156  19402  25.4  33.6   2.92   1.9   0.0
  2 2005 157  11987  25.3  32.6   3.00   2.2   0.5
  2 2005 158  16415  25.0  33.5   3.06   2.2   2.0
  2 2005 159   9683  25.5  32.2   2.84   1.9   2.1
  2 2005 160  15407  24.4  31.6   3.04   1.3   0.0
  2 2005 161  20590  24.4  35.5   3.14   1.5   0.0
  2 2005 162  19510  25.5  34.8   3.14   1.1   0.0
  2 2005 163  14507  25.0  35.4   3.04   1.5   0.2
  2 2005 164  18790  24.8  36.1   3.29   1.3   0.0
  2 2005 165  19186  24.4  35.0   3.13   1.4   0.0
  2 2005 166  19294  24.6  35.2   2.97   2.0   0.7
  2 2005 167  21202  23.5  36.0   3.09   1.6   0.0
  2 2005 168  16415  25.4  33.4   3.12   0.8   7.2
  2 2005 169  17999  24.0  34.6   3.10   0.8   3.4
  2 2005 170  21310  23.6  35.5   3.09   1.5   0.0
  2 2005 171  21490  24.0  35.0   3.04   2.1   0.0
  2 2005 172  21706  24.3  35.2   3.11   2.2   0.0
  2 2005 173  21310  25.2  35.7   3.13   1.8   0.0
  2 2005 174  20590  24.0  35.7   3.10   2.0   0.0
  2 2005 175  15515  25.5  33.5   2.96   1.2   0.5
  2 2005 176  16415  25.3  33.3   3.05   1.3   0.0
  2 2005 177  14903  25.5  31.7   3.01   1.3   5.4
  2 2005 178  11915  25.5  30.8   2.93   0.8  31.1
  2 2005 179  15083  25.6  32.3   2.87   0.9   4.6
  2 2005 180  15407  25.5  32.6   3.02   0.8   7.7
  2 2005 181   7487  25.5  29.5   2.98   1.1   0.0
  2 2005 182  18107  25.0  32.4   2.92   1.6   2.8
  2 2005 183  13211  25.1  32.0   3.09   1.0   3.4
  2 2005 184  18503  24.5  33.1   2.94   1.0   5.8
  2 2005 185  12383  24.5  29.7   2.89   1.2  24.7
  2 2005 186   3420  24.5  27.0   2.82   1.0  14.6
  2 2005 187  13283  23.4  31.8   2.85   1.7   0.0
  2 2005 188  15911  23.0  34.4   2.94   0.9   0.0
  2 2005 189  15983  23.6  33.9   2.99   1.1   6.5
  2 2005 190  18611  25.0  33.0   3.00   1.4   7.4
  2 2005 191  23182  24.2  33.0   3.01   1.7   0.0
  2 2005 192  21382  23.7  34.8   2.96   1.0   0.0
  2 2005 193  22102  26.2  34.2   3.22   1.4   0.0
  2 2005 194  10115  24.9  31.4   3.14   0.9   0.0
  2 2005 195  21706  24.9  33.1   2.91   1.5   7.6
  2 2005 196  19906  25.5  33.8   3.02   1.1   0.0
  2 2005 197  18611  24.5  34.2   3.07   1.7   0.0
  2 2005 198  18898  25.3  34.2   3.02   2.9   4.1
  2 2005 199  10583  26.0  31.4   3.14   2.7   2.4
  2 2005 200  15011  25.5  33.0   2.90   2.1   0.1
  2 2005 201  12599  25.6  33.0   3.24   1.6  18.2
  2 2005 202  12995  25.0  31.7   3.20   1.2   0.0
  2 2005 203  18395  24.0  33.6   3.17   1.1   0.0
  2 2005 204  16199  23.7  33.1   2.92   0.9   2.2
  2 2005 205  13607  24.0  31.0   2.99   1.0  16.0
  2 2005 206  13283  23.0  32.2   3.02   1.0  13.6
  2 2005 207  14003  23.7  32.8   3.05   1.2   8.8
  2 2005 208  12707  24.5  31.1   3.07   1.7   0.0
  2 2005 209  17207  25.0  32.0   3.07   1.7   0.4
  2 2005 210  16991  24.5  33.5   2.80   1.1   3.0
  2 2005 211  19294  24.0  33.3   2.98   1.0   6.6
  2 2005 212  24910  23.1  34.4   2.93   1.1   2.5
  2 2005 213  17711  25.3  33.5   3.04   1.2   6.4
  2 2005 214  19078  23.2  33.4   2.90   1.9   0.0
  2 2005 215  15011  26.4  32.7   3.01   2.0   2.8
  2 2005 216  15191  26.6  33.0   3.25   2.6   5.8
  2 2005 217   6084  26.0  29.5   3.35   2.9  25.8
  2 2005 218   6407  25.5  28.6   2.95   2.8  12.1
  2 2005 219   5184  24.7  27.5   2.90   2.5   0.9
  2 2005 220   7091  25.0  29.1   2.77   2.3   7.3
  2 2005 221   8891  24.4  30.0   3.09   1.2   3.2
  2 2005 222   5796  24.4  29.3   3.00   0.9  25.2
  2 2005 223   4284  24.0  28.6   2.97   3.1  33.2
  2 2005 224   5400  24.9  27.4   2.92   2.2  13.2
  2 2005 225  11015  24.5  31.5   2.79   1.2   0.0
  2 2005 226  17783  24.0  32.5   2.95   0.7   0.0
  2 2005 227  16307  22.5  31.0   2.86   1.0   0.0
  2 2005 228  12599  23.5  31.6   3.05   0.6   0.0
  2 2005 229  20086  23.5  33.7   2.82   1.2   0.1
  2 2005 230  19402  23.7  33.6   3.03   1.0   0.3
  2 2005 231  20698  23.5  34.0   3.05   0.9  31.4
  2 2005 232  19186  24.0  34.6   3.01   0.7   3.8
  2 2005 233  22102  23.7  33.1   3.08   0.9   0.0
  2 2005 234  23182  23.7  34.2   3.06   1.0   0.0
  2 2005 235  22210  23.0  34.8   2.96   1.2   0.0
  2 2005 236  20590  24.0  33.9   3.04   1.2   0.0
  2 2005 237   9215  24.7  30.6   3.15   1.1   7.4
  2 2005 238   6695  24.5  29.0   2.96   0.8   6.5
  2 2005 239  18683  23.0  32.5   2.86   1.3   3.6
  2 2005 240  15515  24.1  33.0   2.98   0.8   2.6
  2 2005 241  14615  23.1  31.8   3.10   0.7   2.6
  2 2005 242  17783  23.5  32.5   2.95   1.1   1.7
  2 2005 243  13715  25.0  30.4   3.12   2.2   0.8
  2 2005 244  19006  25.8  32.0   3.21   1.9   0.0
  2 2005 245  15299  24.0  32.1   2.94   0.9  13.4
  2 2005 246  13787  24.0  32.1   3.07   1.0   8.6
  2 2005 247  14687  24.8  32.4   2.99   1.0   9.3
  2 2005 248  15011  24.0  31.6   3.02   0.7   2.0
  2 2005 249  12095  24.8  30.4   3.06   0.6   0.2
  2 2005 250  19510  24.2  31.5   3.05   1.2   1.4
  2 2005 251  19006  24.2  33.0   2.98   1.0   0.0
  2 2005 252  18683  23.7  33.1   3.07   0.9   0.0
  2 2005 253  16487  24.0  34.0   3.06   0.9   0.9
  2 2005 254  19906  23.8  32.5   3.04   2.7   3.3
  2 2005 255  19186  25.5  33.0   3.03   1.9  48.2
  2 2005 256  18898  23.5  31.7   2.71   0.9   0.4
  2 2005 257   6911  24.0  29.6   3.05   0.8  24.1
  2 2005 258   3996  23.9  25.8   2.92   1.4  88.3
  2 2005 259   4212  23.8  26.5   2.91   2.0  20.2
  2 2005 260  16811  24.7  32.3   2.97   1.5   0.0
  2 2005 261  14687  23.3  32.4   3.03   1.0   0.1
  2 2005 262   7703  22.8  28.5   2.73   1.4   4.0
  2 2005 263   5616  23.6  29.0   2.88   0.8   3.0
  2 2005 264  15695  24.6  31.2   3.17   3.8   0.4
  2 2005 265  20986  26.6  32.4   3.03   3.1   0.0
  2 2005 266   8207  25.8  30.6   2.87   2.0  23.0
  2 2005 267   8387  23.0  28.9   2.91   0.9   7.0
  2 2005 268  21706  21.1  32.0   2.93   0.8   0.0
  2 2005 269  22102  22.0  32.7   2.98   1.0  13.6
  2 2005 270  23002  24.0  33.2   2.95   0.9   0.0
  2 2005 271  20302  23.6  32.9   2.98   1.2   0.0
  2 2005 272  21706  24.8  32.5   2.92   1.3   0.0
  2 2005 273  22390  24.5  32.9   2.89   1.3   1.0
  2 2005 274  13103  24.4  32.4   2.93   0.5   0.6
  2 2005 275  17495  23.8  30.8   3.00   0.9   4.2
  2 2005 276  16703  23.1  33.2   3.07   1.0   4.3
  2 2005 277  15983  24.3  31.2   2.86   1.1  18.5
  2 2005 278  14903  23.5  31.4   2.86   0.6   0.0
  2 2005 279   8099  24.5  30.3   3.09   0.8  14.5
  2 2005 280  10907  25.0  30.1   3.05   0.7   5.8
  2 2005 281  13103  24.0  31.0   2.94   0.8   2.8
  2 2005 282  12707  24.0  30.5   3.12   0.6   4.6
  2 2005 283  19906  23.6  33.7   3.05   0.9   0.0
  2 2005 284  15695  24.0  32.6   3.10   0.8  21.3
  2 2005 285  17207  23.5  32.8   3.00   1.1   0.4
  2 2005 286  17315  22.8  35.0   3.04   1.0   1.1
  2 2005 287  19186  23.5  32.4   2.97   0.8   0.4
  2 2005 288  23506  22.6  33.7   2.90   1.1   0.0
  2 2005 289  20410  23.1  34.0   3.02   1.2   9.9
  2 2005 290   5112  25.0  29.0   3.01   0.8   5.2
  2 2005 291   9899  24.8  30.6   2.99   1.4   1.2
  2 2005 292   7703  24.5  28.8   2.83   1.1  12.6
  2 2005 293  16199  24.5  32.5   2.89   1.1   0.0
  2 2005 294  13895  25.0  32.0   2.97   1.3   0.0
  2 2005 295  16487  23.8  31.4   2.89   1.6   0.0
  2 2005 296  17495  25.1  31.5   2.69   1.9   0.7
  2 2005 297  13715  24.5  31.0   2.79   1.5   0.8
  2 2005 298  19006  24.7  32.2   2.89   1.8   0.0
  2 2005 299  11195  24.5  30.4   2.93   1.3  19.8
  2 2005 300   4104  24.1  26.6   2.86   1.2  72.6
  2 2005 301   6983  24.3  28.5   2.97   1.0  12.4
  2 2005 302  10295  24.2  29.1   2.86   1.3   0.0
  2 2005 303  11087  24.5  29.9   2.76   0.8  25.8
  2 2005 304  10583  23.2  29.4   2.88   1.0   6.8
  2 2005 305  14399  24.7  30.9   3.01   1.4  12.6
  2 2005 306  15191  25.0  31.2   2.96   1.7   3.4
  2 2005 307  10403  25.2  29.0   3.14   1.4   3.5
  2 2005 308  16199  25.6  31.8   3.15   1.8   0.6
  2 2005 309  15695  25.5  31.5   3.20   1.2   1.4
  2 2005 310  18287  25.0  31.5   2.85   1.3   0.0
  2 2005 311  20482  24.0  33.0   2.84   1.5   0.0
  2 2005 312  18683  24.4  32.6   2.91   1.2   0.0
  2 2005 313  15803  25.2  31.6   2.93   1.4   3.5
  2 2005 314   3816  24.2  27.5   2.80   0.9   1.2
  2 2005 315  16883  22.5  32.5   2.90   0.6   0.0
  2 2005 316  12995  22.7  31.8   2.96   0.9   2.1
  2 2005 317  16991  24.8  32.1   3.04   1.3   0.6
  2 2005 318  14687  23.5  31.7   2.95   1.2   5.4
  2 2005 319  16883  24.1  31.5   2.94   1.0   0.4
  2 2005 320  16595  22.0  32.2   2.80   1.1   5.4
  2 2005 321   8387  23.6  30.0   2.73   1.5   1.1
  2 2005 322  12599  22.9  29.6   2.33   1.3   0.2
  2 2005 323   4896  22.5  26.5   2.50   1.1   0.4
  2 2005 324  13499  22.0  31.6   2.45   0.8   0.0
  2 2005 325  15983  21.0  32.6   2.75   1.0   0.1
  2 2005 326  17495  24.5  32.1   2.94   1.4   0.0
  2 2005 327  19006  24.7  32.7   2.88   1.7   1.3
  2 2005 328  13715  25.0  30.4   3.06   1.4  12.4
  2 2005 329   9215  24.9  29.4   2.98   1.2   3.0
  2 2005 330  13103  24.5  31.0   2.85   1.6   2.6
  2 2005 331   9503  24.8  29.5   2.97   1.4  10.5
  2 2005 332  12203  24.5  30.5   2.97   1.4   0.0
  2 2005 333  16487  24.5  32.2   2.88   1.2  23.0
  2 2005 334   8891  24.3  29.5   2.82   1.2   2.4
  2 2005 335  20698  24.1  32.5   2.97   1.5   0.0
  2 2005 336  16703  25.1  32.0   2.90   1.7   6.1
  2 2005 337  14687  25.0  31.2   3.03   1.4   0.4
  2 2005 338  14291  24.0  31.4   2.79   1.5   0.0
  2 2005 339  16811  23.9  31.0   3.03   2.2  68.7
  2 2005 340   3312  23.5  24.2   2.78   1.5  36.4
  2 2005 341   6695  23.2  26.7   2.57   1.6  16.8
  2 2005 342   4896  23.1  25.5   2.82   1.4  61.0
  2 2005 343   7883  23.4  27.0   2.93   1.0  34.4
  2 2005 344  13499  23.9  29.1   2.90   1.3  33.0
  2 2005 345   7991  23.6  27.7   2.86   1.2   0.2
  2 2005 346  17387  24.5  31.8   2.77   1.7  26.8
  2 2005 347  14615  24.0  29.0   2.86   1.7  24.9
  2 2005 348   5508  23.5  26.5   2.82   1.5  50.6
  2 2005 349   8891  23.4  28.1   2.77   1.7   4.1
  2 2005 350   8315  23.6  28.6   2.69   2.8   5.2
  2 2005 351   5004  24.0  26.4   2.84   2.3  13.6
  2 2005 352   5904  22.6  25.5   2.42   2.9   0.6
  2 2005 353   7091  22.8  26.4   2.50   1.3  10.6
  2 2005 354   7487  23.5  27.5   2.88   1.4  16.6
  2 2005 355   6084  23.5  27.0   2.80   1.3   5.0
  2 2005 356   7883  23.5  26.5   2.48   2.3   0.4
  2 2005 357  12311  22.6  26.5   2.29   1.8   0.0
  2 2005 358  12311  21.0  26.6   1.98   1.5   0.0
  2 2005 359  12203  21.5  28.2   2.33   1.6   0.1
  2 2005 360   3708  22.8  25.2   2.40   1.4   2.3
  2 2005 361   5004  23.0  27.1   2.74   1.6   0.1
  2 2005 362  10583  23.6  31.0   2.90   1.2   0.6
  2 2005 363  11303  23.6  30.0   2.82   1.5   0.0
  2 2005 364  12707  24.5  30.5   2.72   1.6   0.4
  2 2005 365  10511  24.5  28.9   2.74   1.6   1.5
";}}s:20:"custom_result_object";a:0:{}s:11:"current_row";i:0;s:8:"num_rows";i:1;s:8:"row_data";N;}