O:12:"CI_DB_result":8:{s:7:"conn_id";N;s:9:"result_id";N;s:12:"result_array";a:1:{i:0;a:9:{s:2:"id";s:1:"3";s:7:"country";s:11:"Philippines";s:12:"station_code";s:1:"1";s:12:"country_code";s:4:"phil";s:13:"site_latitude";s:6:"121.25";s:14:"site_longitude";s:5:"14.18";s:13:"site_altitude";s:4:"21.0";s:4:"year";s:4:"1993";s:4:"data";s:19013:"121.25  14.18  21.0  0.00  0.00
  1 1993   1  19582  20.5  29.2   2.44   1.7   0.0
  1 1993   2  19438  22.4  29.1   2.36   1.8   0.0
  1 1993   3  10547  20.5  27.5   2.46   1.7   0.0
  1 1993   4  23434  22.0  29.6   2.52   2.2   0.0
  1 1993   5  19582  18.7  29.5   2.16   2.0   2.0
  1 1993   6  16091  20.6  28.5   2.37   2.1   0.0
  1 1993   7  10043  21.2  27.6   2.56   2.0   1.2
  1 1993   8  16667  22.2  28.6   2.54   2.3   0.0
  1 1993   9  10043  20.0  26.5   2.56   1.7   2.0
  1 1993  10  23794  21.5  29.0   2.55   2.5   0.0
  1 1993  11   9431  22.0  26.5   2.34   1.9   0.0
  1 1993  12  12815  23.0  28.0   2.52   2.3   0.1
  1 1993  13  18611  21.7  29.5   2.47   2.4   1.2
  1 1993  14  20302  22.4  29.6   2.65   1.9   0.6
  1 1993  15  22210  22.0  30.5   2.71   1.3   0.0
  1 1993  16  15227  23.7  30.0   2.80   1.7   0.0
  1 1993  17   9575  24.0  27.0   2.57   2.1   0.0
  1 1993  18  13175  23.5  28.2   2.56   2.0   0.0
  1 1993  19  15227  23.7  28.5   2.57   2.3   0.0
  1 1993  20   8711  23.0  27.6   2.48   2.1   0.1
  1 1993  21  11483  22.5  27.2   2.57   1.9   0.5
  1 1993  22  19222  22.5  28.5   2.43   2.2   0.0
  1 1993  23  24874  19.5  30.2   2.29   1.5   0.0
  1 1993  24  21490  22.0  29.4   2.36   2.1   0.0
  1 1993  25  21022  21.9  28.6   2.02   2.0   7.1
  1 1993  26  17639  20.5  28.0   2.05   1.5   0.0
  1 1993  27  19438  19.5  27.1   2.17   1.4   0.0
  1 1993  28   6084  20.5  23.5   2.27   2.6   4.8
  1 1993  29  11375  20.1  24.5   2.13   2.3   0.2
  1 1993  30  10403  21.2  25.2   2.34   2.3   0.4
  1 1993  31   9575  21.1  26.0   2.33   2.3   0.0
  1 1993  32  11987  22.6  26.5   2.23   3.8   0.3
  1 1993  33  12203  21.9  25.6   1.97   3.1   0.0
  1 1993  34  11015  21.1  25.6   2.06   2.4   0.0
  1 1993  35  11015  21.2  26.1   2.29   2.0   0.0
  1 1993  36  14507  21.8  27.5   2.40   2.3   0.1
  1 1993  37  20518  22.0  28.3   2.41   2.3   0.0
  1 1993  38  25486  20.0  29.7   2.29   1.5   0.0
  1 1993  39  17171  21.5  28.5   2.34   2.4   0.0
  1 1993  40  25702  20.9  30.2   2.39   1.7   0.0
  1 1993  41  24514  20.5  29.2   2.31   2.2   0.0
  1 1993  42  24982  21.2  30.2   2.52   1.5   0.0
  1 1993  43  25594  20.8  30.4   2.47   1.3   0.0
  1 1993  44  26314  20.5  30.7   2.46   1.4   0.0
  1 1993  45  24874  21.0  30.0   2.42   1.9   0.0
  1 1993  46  24514  21.0  31.7   2.55   1.2   0.0
  1 1993  47  22210  20.5  31.2   2.62   1.1   0.0
  1 1993  48  21490  21.4  30.1   2.66   2.1   0.0
  1 1993  49  19438  23.0  29.5   2.57   2.3   2.0
  1 1993  50  21382  23.3  29.7   2.77   1.8   0.0
  1 1993  51  14615  22.2  28.5   2.62   2.0   0.0
  1 1993  52  21022  22.6  30.0   2.75   1.5   0.0
  1 1993  53  27898  21.9  31.5   2.64   1.5   0.0
  1 1993  54  18862  23.5  29.0   2.47   3.4   0.0
  1 1993  55  20302  23.3  28.2   2.41   3.4   0.0
  1 1993  56  20302  22.9  28.0   2.12   2.8   0.0
  1 1993  57  14255  21.2  28.2   2.33   2.3   0.0
  1 1993  58  22822  22.6  30.0   2.45   2.3   0.0
  1 1993  59  25126  21.5  29.3   2.54   1.8   0.0
  1 1993  60  24622  20.9  29.4   2.47   2.6   0.0
  1 1993  61  17891  23.2  27.5   2.27   3.4   0.0
  1 1993  62   7271  23.1  25.7   2.28   1.5   0.0
  1 1993  63  13319  23.0  27.2   2.33   1.9   0.0
  1 1993  64  12455  23.9  28.1   2.39   2.2   0.0
  1 1993  65  17171  23.2  29.2   2.64   2.1   0.3
  1 1993  66  24766  22.8  30.6   2.77   2.4   0.0
  1 1993  67  24622  22.0  30.0   2.65   2.7   0.0
  1 1993  68  14615  22.0  28.5   2.41   2.1   0.0
  1 1993  69  17891  22.2  28.0   2.30   2.3   0.0
  1 1993  70  22102  19.0  29.5   2.43   1.8   0.0
  1 1993  71  17999  20.8  29.0   2.41   1.6   0.5
  1 1993  72  20878  21.5  28.6   2.44   2.5   0.0
  1 1993  73  20878  22.0  29.5   2.41   2.4   0.0
  1 1993  74  24514  21.2  30.0   2.41   1.6   0.0
  1 1993  75  26566  19.2  31.5   2.43   1.4   0.0
  1 1993  76  25846  19.0  30.0   2.50   1.3   0.0
  1 1993  77  25702  19.0  32.4   2.60   1.3   0.0
  1 1993  78  25702  22.3  31.5   2.68   1.6   0.0
  1 1993  79  24874  23.9  30.5   2.64   2.0   0.0
  1 1993  80  23182  22.5  30.0   2.56   2.0   0.0
  1 1993  81  15695  23.0  30.0   2.63   1.9   0.8
  1 1993  82  24010  23.3  30.2   2.67   2.5   0.0
  1 1993  83  27790  22.5  30.0   2.40   2.5   0.0
  1 1993  84  25270  21.0  30.6   2.42   2.1   0.0
  1 1993  85  27610  21.5  30.0   2.47   2.0   0.0
  1 1993  86  22354  21.8  30.6   2.63   2.0   0.0
  1 1993  87  21994  23.0  31.0   2.72   1.7   0.0
  1 1993  88  22318  24.6  31.0   2.82   1.9   0.0
  1 1993  89  25846  23.4  31.0   2.59   2.0   0.0
  1 1993  90  28366  20.5  32.0   2.54   1.7   0.0
  1 1993  91  28006  20.4  31.5   2.40   2.0   0.0
  1 1993  92  27034  20.0  31.0   2.40   1.7   0.0
  1 1993  93  26350  21.3  32.0   2.66   1.6   0.0
  1 1993  94  26926  21.5  34.0   2.73   1.5   0.0
  1 1993  95  26386  23.2  33.0   2.79   1.9   0.0
  1 1993  96  25450  22.5  31.5   2.66   2.0   0.0
  1 1993  97  24982  23.0  31.5   2.56   1.9   0.0
  1 1993  98  25486  22.0  31.5   2.69   2.3   0.0
  1 1993  99  26710  22.8  31.5   2.64   2.0   0.0
  1 1993 100  27826  22.7  31.0   2.65   1.8   0.0
  1 1993 101  22426  23.6  31.0   2.69   1.9   0.0
  1 1993 102  25990  23.5  32.8   2.74   1.7   0.0
  1 1993 103  18359  25.0  31.0   2.87   2.1   3.2
  1 1993 104  16091  24.0  31.0   2.74   2.3   0.2
  1 1993 105  25954  24.0  31.5   2.70   2.3   0.0
  1 1993 106  27754  22.7  32.1   2.87   1.8   0.0
  1 1993 107  22462  23.7  33.0   2.82   1.3   0.4
  1 1993 108  17531  24.0  32.5   2.95   1.2   0.0
  1 1993 109  22714  25.0  33.4   2.86   1.3   0.0
  1 1993 110  23434  25.0  33.0   2.93   1.5   0.0
  1 1993 111  23434  23.7  32.6   2.90   2.0   0.0
  1 1993 112  28258  23.4  33.2   2.81   1.6   0.0
  1 1993 113  24622  23.5  32.7   2.81   2.0   0.0
  1 1993 114  21850  23.1  33.0   2.69   1.8   0.0
  1 1993 115  22354  24.0  32.3   2.78   2.0   0.0
  1 1993 116  28006  22.5  32.0   2.60   2.4   0.0
  1 1993 117  20518  22.6  31.0   2.64   2.2   0.0
  1 1993 118  14615  24.4  32.6   2.93   1.8   0.0
  1 1993 119  14147  25.5  31.0   3.09   1.5  14.8
  1 1993 120  26314  25.5  32.5   3.05   1.9   0.0
  1 1993 121  19438  23.6  33.0   2.91   1.5   0.0
  1 1993 122  26062  25.0  33.0   2.91   2.1   0.0
  1 1993 123  29338  23.3  33.1   2.86   2.0   0.0
  1 1993 124  29194  24.0  33.0   2.73   2.2   0.0
  1 1993 125  27394  24.0  33.5   2.91   2.0   0.0
  1 1993 126  28114  24.3  32.2   2.68   2.3   0.0
  1 1993 127  27754  24.0  34.8   2.94   1.4   0.0
  1 1993 128  28258  24.2  34.3   2.88   1.9   0.0
  1 1993 129  29194  24.0  33.2   2.82   1.9   0.0
  1 1993 130  26674  25.0  32.5   2.85   2.3   0.0
  1 1993 131  24514  25.0  34.0   2.92   2.4   0.0
  1 1993 132  21130  26.4  32.5   2.99   2.2   5.4
  1 1993 133  25702  24.5  33.0   3.10   2.5   0.0
  1 1993 134  18611  24.7  32.8   2.78   1.9   0.0
  1 1993 135  26782  24.0  33.3   2.90   2.3   0.0
  1 1993 136  24874  24.0  33.0   2.79   2.2   0.0
  1 1993 137  21238  25.1  33.5   2.81   2.1   0.0
  1 1993 138  24154  24.0  33.0   2.77   2.5   0.0
  1 1993 139  23794  24.2  33.0   2.81   1.8   1.4
  1 1993 140  17999  25.0  32.5   3.03   1.8   0.0
  1 1993 141  24010  23.1  33.5   2.83   2.2   0.0
  1 1993 142  26422  25.0  33.5   2.90   2.4   0.0
  1 1993 143  21634  24.5  32.2   2.83   1.6  12.1
  1 1993 144  23290  24.7  33.7   2.97   1.4   0.0
  1 1993 145  26206  23.9  35.0   3.05   1.5   0.0
  1 1993 146  25486  24.2  36.6   3.04   1.3   0.0
  1 1993 147  20302  23.5  35.6   2.93   1.3   0.0
  1 1993 148  25234  25.2  35.5   3.06   1.5  12.5
  1 1993 149  21022  23.7  34.1   2.98   1.1   0.0
  1 1993 150  24262  24.0  35.5   3.19   1.2   0.0
  1 1993 151  23542  24.4  36.1   2.96   1.5   0.0
  1 1993 152  13787  27.5  35.0   3.32   0.8  32.0
  1 1993 153  24874  24.2  35.7   3.04   1.2   0.0
  1 1993 154  17531  24.5  35.2   2.99   1.2   5.1
  1 1993 155  26782  24.1  35.0   3.09   1.2   0.0
  1 1993 156  23182  24.7  35.0   3.15   1.1   0.0
  1 1993 157  23902  24.2  35.0   3.10   1.3   0.0
  1 1993 158  18251  25.5  34.5   3.03   1.2   5.6
  1 1993 159  25594  24.6  34.5   3.05   1.2   5.3
  1 1993 160  20050  25.7  34.5   3.25   1.2   0.0
  1 1993 161  23794  25.5  34.0   2.97   1.3   0.0
  1 1993 162  18719  25.5  34.0   3.04   1.3   0.0
  1 1993 163  25126  24.2  35.0   3.05   1.5   0.0
  1 1993 164  28474  24.2  35.5   3.04   1.4   0.0
  1 1993 165  24874  24.9  35.0   3.03   1.9   0.0
  1 1993 166  14255  25.4  32.1   3.08   1.2   9.7
  1 1993 167  20050  24.7  34.6   3.12   1.0   0.2
  1 1993 168  16091  25.7  32.7   3.09   1.3   0.0
  1 1993 169  22822  24.9  33.1   3.10   1.1   0.0
  1 1993 170  15119  25.7  32.5   3.01   1.1   1.3
  1 1993 171  17639  24.6  33.5   3.09   1.1  10.5
  1 1993 172  25342  24.5  33.2   3.25   1.1   0.5
  1 1993 173  26422  24.2  35.2   3.02   1.2   0.0
  1 1993 174  25126  25.3  35.0   3.22   1.3   0.0
  1 1993 175  24874  24.7  34.0   3.23   1.8   0.4
  1 1993 176   7991  26.0  30.7   3.25   4.3  37.2
  1 1993 177   2592  25.0  26.5   3.05   1.6  52.4
  1 1993 178  17891  23.8  31.6   3.07   1.6   0.4
  1 1993 179  17027  25.5  32.0   3.06   1.1   0.0
  1 1993 180  23794  25.0  31.8   3.05   1.8   1.4
  1 1993 181  15839  25.0  32.6   3.07   1.4   0.6
  1 1993 182  19438  25.6  30.1   3.17   1.9   0.0
  1 1993 183  18359  25.8  34.6   3.16   1.2  11.6
  1 1993 184  18970  24.5  33.0   3.00   1.5   0.4
  1 1993 185  22822  25.0  32.7   2.95   1.2   0.0
  1 1993 186  21850  25.7  33.5   3.05   1.3  10.8
  1 1993 187  26926  24.0  34.0   3.10   1.3   0.0
  1 1993 188  28978  24.8  33.5   3.13   1.4   0.0
  1 1993 189  19438  25.0  31.5   2.98   2.5 109.6
  1 1993 190   6551  23.5  29.0   3.01   1.1  10.4
  1 1993 191  17171  23.6  30.6   2.99   1.1   0.7
  1 1993 192  21022  23.7  32.0   2.95   1.5   0.0
  1 1993 193  24010  24.0  32.2   2.90   1.1   0.0
  1 1993 194  24766  23.5  32.8   3.05   1.2   0.0
  1 1993 195  26422  24.8  34.0   3.10   1.0   5.0
  1 1993 196  27754  24.6  33.0   3.17   1.3   4.7
  1 1993 197  11627  24.3  31.0   3.05   1.2   0.2
  1 1993 198  14039  25.3  32.7   3.13   1.0   0.1
  1 1993 199  23902  23.5  32.0   2.91   1.1   0.0
  1 1993 200  20770  24.1  32.1   3.11   1.2   0.0
  1 1993 201  21634  23.4  32.2   3.15   1.1   6.8
  1 1993 202  21850  23.7  32.1   3.11   1.4   7.6
  1 1993 203  23650  24.0  32.2   2.98   1.3   6.2
  1 1993 204  23434  24.0  32.0   3.03   1.2   0.0
  1 1993 205  20410  25.5  32.2   3.03   1.4   0.0
  1 1993 206  23290  24.0  33.0   3.12   1.3   0.0
  1 1993 207  17279  24.6  32.8   2.89   1.4   0.0
  1 1993 208  10763  26.0  30.6   2.96   1.7   0.5
  1 1993 209   7775  25.5  30.1   2.97   1.6   5.8
  1 1993 210   8495  24.5  29.5   3.05   2.3  49.2
  1 1993 211   8243  23.0  29.0   2.79   1.9   4.2
  1 1993 212  22354  24.0  32.1   2.62   1.5   0.0
  1 1993 213  16451  24.1  31.5   2.90   1.2  12.0
  1 1993 214  24010  23.2  32.5   3.04   1.0   0.0
  1 1993 215   6551  24.0  29.0   3.05   0.6   4.0
  1 1993 216  20518  24.1  31.9   2.94   1.1   0.0
  1 1993 217  26674  23.4  32.5   2.97   1.1   0.0
  1 1993 218  19690  24.2  32.0   3.18   1.0   0.0
  1 1993 219  16451  24.6  32.0   2.95   1.4   4.2
  1 1993 220   7019  25.0  29.8   2.96   1.5  31.6
  1 1993 221   2592  23.1  25.0   2.82   1.6  61.2
  1 1993 222   3888  23.3  25.6   2.79   1.0  24.3
  1 1993 223  15227  23.2  29.6   2.91   1.2   0.0
  1 1993 224  18467  24.5  31.5   2.87   1.4   0.0
  1 1993 225  10043  24.5  30.9   3.01   1.2   9.0
  1 1993 226  17747  23.4  31.6   2.94   0.8   0.0
  1 1993 227  24406  23.4  32.0   2.90   0.9   0.0
  1 1993 228  22210  22.3  31.5   2.95   1.1   0.6
  1 1993 229  13175  23.9  31.1   3.14   1.7   4.6
  1 1993 230   6299  23.6  28.0   2.91   1.2  10.0
  1 1993 231  10043  23.5  30.0   2.90   0.8   0.0
  1 1993 232  28366  22.6  33.5   2.96   1.4   0.0
  1 1993 233  25342  23.4  31.8   2.99   1.0   0.0
  1 1993 234   9683  24.4  30.2   3.00   1.2  63.4
  1 1993 235   7523  23.9  29.0   2.86   1.1  11.1
  1 1993 236  21994  24.6  31.4   3.00   1.9   1.0
  1 1993 237  26314  23.5  31.5   2.99   1.3   0.4
  1 1993 238  22102  25.2  32.2   3.01   1.3   1.0
  1 1993 239  16307  24.2  32.2   2.94   1.1   1.2
  1 1993 240  17387  23.1  30.5   2.99   1.1  16.7
  1 1993 241  19330  23.0  31.1   3.03   0.9  12.8
  1 1993 242  19438  23.2  30.6   3.04   0.9   0.4
  1 1993 243  21238  24.6  31.6   3.08   0.9   0.0
  1 1993 244  16811  24.2  32.1   3.13   0.8   0.0
  1 1993 245  16919  23.8  32.5   3.09   1.0   0.0
  1 1993 246  18862  25.1  32.6   3.00   1.3   1.6
  1 1993 247   9935  24.0  29.4   2.98   0.8  25.0
  1 1993 248  21634  23.7  31.3   2.92   1.0   0.2
  1 1993 249  15119  23.6  30.7   2.98   1.1   0.4
  1 1993 250  20158  24.2  32.5   2.97   0.9   0.0
  1 1993 251  13427  24.4  29.2   3.03   1.2  10.6
  1 1993 252   9071  23.2  29.5   2.94   0.8   0.3
  1 1993 253  15695  23.2  30.1   2.95   1.3   5.0
  1 1993 254  10655  24.2  30.5   2.85   1.2   0.0
  1 1993 255  16919  23.2  30.8   2.87   1.0   0.0
  1 1993 256  17747  23.2  31.2   3.00   1.0   1.1
  1 1993 257  15479  23.5  30.5   3.08   0.8   1.3
  1 1993 258   6299  24.3  29.0   3.00   1.1   2.2
  1 1993 259   7883  24.0  29.5   3.08   0.9  49.4
  1 1993 260  20158  22.2  32.9   2.83   1.5  22.1
  1 1993 261  17279  24.1  30.9   3.07   0.4  12.0
  1 1993 262  13067  24.1  29.6   2.88   0.7   5.2
  1 1993 263  12815  23.4  30.1   2.90   0.7  12.2
  1 1993 264  19582  24.0  31.0   3.03   0.9   5.7
  1 1993 265  18719  24.7  32.0   3.20   1.0   0.0
  1 1993 266  23290  23.7  32.4   3.17   0.8   0.0
  1 1993 267  24874  23.0  32.0   3.05   0.9   0.0
  1 1993 268  23434  24.2  32.3   3.15   0.7  15.6
  1 1993 269  22102  24.2  32.0   3.07   0.9   0.2
  1 1993 270  10655  24.9  30.5   3.08   0.6   4.0
  1 1993 271  11735  24.1  30.0   3.10   0.6   0.0
  1 1993 272  21130  24.4  31.5   3.05   0.9  40.6
  1 1993 273  22930  24.0  31.5   3.14   0.8   0.3
  1 1993 274  16091  24.2  31.2   3.01   0.7  17.0
  1 1993 275  12707  23.4  30.2   3.03   0.8  15.8
  1 1993 276  11627  24.0  30.5   3.02   2.8   2.5
  1 1993 277   4500  23.9  28.5   2.93   5.9  45.3
  1 1993 278   3672  25.0  28.5   2.89   7.7  47.2
  1 1993 279   9575  25.0  29.2   2.79   2.4  25.2
  1 1993 280  13175  24.1  30.5   2.95   1.9   0.4
  1 1993 281  24406  23.7  31.5   2.75   1.2   0.0
  1 1993 282  18107  21.1  31.1   2.82   0.8   0.0
  1 1993 283  13535  23.1  30.1   3.09   0.7   1.2
  1 1993 284  23074  21.5  32.7   2.71   0.9   0.0
  1 1993 285  20770  23.2  31.0   2.95   1.4   0.0
  1 1993 286  12095  23.5  29.7   3.03   1.3  22.4
  1 1993 287  13067  23.4  28.8   2.97   1.4  41.8
  1 1993 288  11843  23.2  29.2   2.83   0.9  11.5
  1 1993 289  14039  23.7  29.0   2.70   1.2   0.3
  1 1993 290  11483  24.0  29.9   3.03   1.0   1.8
  1 1993 291   8243  24.6  29.5   3.02   0.8   9.4
  1 1993 292  16307  23.9  30.6   2.93   0.8   0.2
  1 1993 293  23650  23.7  32.1   3.03   1.2   0.0
  1 1993 294  19438  23.4  31.1   2.91   1.1   0.0
  1 1993 295   7019  23.9  28.5   2.99   0.8  12.7
  1 1993 296  13175  24.2  29.0   3.14   1.0   4.8
  1 1993 297   6443  23.7  28.0   2.84   1.2  58.4
  1 1993 298   5220  23.2  26.7   2.66   0.8   2.3
  1 1993 299   9071  23.5  27.7   2.88   1.0   1.1
  1 1993 300  22930  23.5  30.4   2.82   1.8   0.6
  1 1993 301  18611  22.9  30.5   2.96   2.2   1.8
  1 1993 302  10295  24.2  28.5   2.85   1.5   0.2
  1 1993 303  13067  23.6  30.1   2.89   1.2   0.8
  1 1993 304  19222  22.5  31.0   3.00   2.2   1.2
  1 1993 305   3420  24.3  27.0   2.82   6.0  77.8
  1 1993 306  14867  23.6  31.1   2.90   2.3   0.0
  1 1993 307  20158  25.0  32.5   2.91   1.2  11.6
  1 1993 308  17387  23.7  31.0   2.84   1.3   0.0
  1 1993 309  18970  23.9  31.1   2.98   1.4   2.2
  1 1993 310  12707  23.9  29.5   3.15   1.4   2.8
  1 1993 311  10655  24.4  29.2   2.90   1.3   3.2
  1 1993 312  17747  24.4  30.0   3.05   1.8   3.1
  1 1993 313  21634  23.7  30.5   2.87   1.7   0.0
  1 1993 314  14507  24.5  30.1   2.78   1.9   0.0
  1 1993 315   8711  24.4  28.5   2.67   1.0   0.1
  1 1993 316  17171  24.5  31.0   2.85   1.1   1.4
  1 1993 317  19582  24.0  32.1   2.80   1.4   0.0
  1 1993 318  22570  25.6  32.2   2.80   1.7   0.0
  1 1993 319  18251  24.6  31.3   2.91   1.3   0.0
  1 1993 320  18359  24.0  30.7   2.96   1.8   4.4
  1 1993 321  17027  23.5  30.5   2.82   1.6   0.0
  1 1993 322  15479  23.0  29.5   2.67   2.1   4.0
  1 1993 323  11627  23.8  29.2   2.71   1.9   0.4
  1 1993 324  15227  23.7  29.7   2.79   2.6  10.3
  1 1993 325   3780  25.0  26.9   3.06   1.8  68.2
  1 1993 326  11123  24.2  29.4   3.01   1.7   4.4
  1 1993 327  16703  24.8  31.0   2.82   1.9   1.2
  1 1993 328  15371  24.2  29.8   3.02   2.2  10.6
  1 1993 329   7559  23.6  28.0   2.88   1.6   1.4
  1 1993 330  12167  25.2  30.1   3.07   1.7  15.9
  1 1993 331  12347  24.0  29.2   2.94   1.9   0.1
  1 1993 332  15731  24.7  30.5   2.95   2.2   0.6
  1 1993 333  15299  24.1  30.2   2.90   1.9   1.7
  1 1993 334  12131  24.5  30.6   3.01   1.5   5.2
  1 1993 335  17351  24.5  30.4   3.02   1.6  27.9
  1 1993 336   8315  24.4  27.9   2.97   1.2  34.3
  1 1993 337   9539  24.7  29.0   2.97   0.9   7.8
  1 1993 338  10439  24.8  28.5   2.92   1.6   2.1
  1 1993 339   9575  23.6  29.0   2.89   4.3 130.4
  1 1993 340   5112  23.2  26.6   3.02   3.9  34.8
  1 1993 341   9215  23.4  28.6   2.94   1.8  68.4
  1 1993 342  12203  24.1  28.6   2.90   2.8   1.4
  1 1993 343  13895  23.2  28.4   2.32   2.1   0.0
  1 1993 344   9827  23.2  28.7   2.78   1.3  22.5
  1 1993 345   5004  24.6  28.2   2.98   1.2  29.5
  1 1993 346  16271  24.3  30.2   2.94   2.4   0.1
  1 1993 347  14939  24.4  30.0   2.95   2.1   0.0
  1 1993 348   9035  24.0  28.9   2.95   2.2   4.2
  1 1993 349    684  25.9  27.1   2.68   2.5  20.9
  1 1993 350  11411  24.5  29.0   2.96   2.2   4.8
  1 1993 351   9791  23.6  27.5   2.62   1.7   5.4
  1 1993 352  15659  23.5  29.0   2.85   2.2   0.7
  1 1993 353  16523  22.5  29.4   2.80   1.2   0.0
  1 1993 354  14579  24.2  28.5   2.58   2.0   0.0
  1 1993 355   5652  24.0  27.1   2.76   1.7   4.4
  1 1993 356   8459  23.4  27.5   2.65   3.7   0.6
  1 1993 357  16271  24.0  28.0   2.32   3.1   0.0
  1 1993 358  10979  20.5  26.1   2.32   2.1   1.7
  1 1993 359  11915  22.1  27.2   2.37   2.7   0.0
  1 1993 360   6299  20.2  25.0   2.25   4.8   0.2
  1 1993 361   4032  22.7  24.3   2.51   3.5 147.0
  1 1993 362   3528  21.5  24.6   2.65   1.1  21.1
  1 1993 363  13895  22.7  28.5   2.68   1.4   0.0
  1 1993 364  16091  23.5  29.6   2.75   2.2   0.0
  1 1993 365  14039  22.4  30.0   2.82   1.1   4.0
";}}s:13:"result_object";a:1:{i:0;O:8:"stdClass":9:{s:2:"id";s:1:"3";s:7:"country";s:11:"Philippines";s:12:"station_code";s:1:"1";s:12:"country_code";s:4:"phil";s:13:"site_latitude";s:6:"121.25";s:14:"site_longitude";s:5:"14.18";s:13:"site_altitude";s:4:"21.0";s:4:"year";s:4:"1993";s:4:"data";s:19013:"121.25  14.18  21.0  0.00  0.00
  1 1993   1  19582  20.5  29.2   2.44   1.7   0.0
  1 1993   2  19438  22.4  29.1   2.36   1.8   0.0
  1 1993   3  10547  20.5  27.5   2.46   1.7   0.0
  1 1993   4  23434  22.0  29.6   2.52   2.2   0.0
  1 1993   5  19582  18.7  29.5   2.16   2.0   2.0
  1 1993   6  16091  20.6  28.5   2.37   2.1   0.0
  1 1993   7  10043  21.2  27.6   2.56   2.0   1.2
  1 1993   8  16667  22.2  28.6   2.54   2.3   0.0
  1 1993   9  10043  20.0  26.5   2.56   1.7   2.0
  1 1993  10  23794  21.5  29.0   2.55   2.5   0.0
  1 1993  11   9431  22.0  26.5   2.34   1.9   0.0
  1 1993  12  12815  23.0  28.0   2.52   2.3   0.1
  1 1993  13  18611  21.7  29.5   2.47   2.4   1.2
  1 1993  14  20302  22.4  29.6   2.65   1.9   0.6
  1 1993  15  22210  22.0  30.5   2.71   1.3   0.0
  1 1993  16  15227  23.7  30.0   2.80   1.7   0.0
  1 1993  17   9575  24.0  27.0   2.57   2.1   0.0
  1 1993  18  13175  23.5  28.2   2.56   2.0   0.0
  1 1993  19  15227  23.7  28.5   2.57   2.3   0.0
  1 1993  20   8711  23.0  27.6   2.48   2.1   0.1
  1 1993  21  11483  22.5  27.2   2.57   1.9   0.5
  1 1993  22  19222  22.5  28.5   2.43   2.2   0.0
  1 1993  23  24874  19.5  30.2   2.29   1.5   0.0
  1 1993  24  21490  22.0  29.4   2.36   2.1   0.0
  1 1993  25  21022  21.9  28.6   2.02   2.0   7.1
  1 1993  26  17639  20.5  28.0   2.05   1.5   0.0
  1 1993  27  19438  19.5  27.1   2.17   1.4   0.0
  1 1993  28   6084  20.5  23.5   2.27   2.6   4.8
  1 1993  29  11375  20.1  24.5   2.13   2.3   0.2
  1 1993  30  10403  21.2  25.2   2.34   2.3   0.4
  1 1993  31   9575  21.1  26.0   2.33   2.3   0.0
  1 1993  32  11987  22.6  26.5   2.23   3.8   0.3
  1 1993  33  12203  21.9  25.6   1.97   3.1   0.0
  1 1993  34  11015  21.1  25.6   2.06   2.4   0.0
  1 1993  35  11015  21.2  26.1   2.29   2.0   0.0
  1 1993  36  14507  21.8  27.5   2.40   2.3   0.1
  1 1993  37  20518  22.0  28.3   2.41   2.3   0.0
  1 1993  38  25486  20.0  29.7   2.29   1.5   0.0
  1 1993  39  17171  21.5  28.5   2.34   2.4   0.0
  1 1993  40  25702  20.9  30.2   2.39   1.7   0.0
  1 1993  41  24514  20.5  29.2   2.31   2.2   0.0
  1 1993  42  24982  21.2  30.2   2.52   1.5   0.0
  1 1993  43  25594  20.8  30.4   2.47   1.3   0.0
  1 1993  44  26314  20.5  30.7   2.46   1.4   0.0
  1 1993  45  24874  21.0  30.0   2.42   1.9   0.0
  1 1993  46  24514  21.0  31.7   2.55   1.2   0.0
  1 1993  47  22210  20.5  31.2   2.62   1.1   0.0
  1 1993  48  21490  21.4  30.1   2.66   2.1   0.0
  1 1993  49  19438  23.0  29.5   2.57   2.3   2.0
  1 1993  50  21382  23.3  29.7   2.77   1.8   0.0
  1 1993  51  14615  22.2  28.5   2.62   2.0   0.0
  1 1993  52  21022  22.6  30.0   2.75   1.5   0.0
  1 1993  53  27898  21.9  31.5   2.64   1.5   0.0
  1 1993  54  18862  23.5  29.0   2.47   3.4   0.0
  1 1993  55  20302  23.3  28.2   2.41   3.4   0.0
  1 1993  56  20302  22.9  28.0   2.12   2.8   0.0
  1 1993  57  14255  21.2  28.2   2.33   2.3   0.0
  1 1993  58  22822  22.6  30.0   2.45   2.3   0.0
  1 1993  59  25126  21.5  29.3   2.54   1.8   0.0
  1 1993  60  24622  20.9  29.4   2.47   2.6   0.0
  1 1993  61  17891  23.2  27.5   2.27   3.4   0.0
  1 1993  62   7271  23.1  25.7   2.28   1.5   0.0
  1 1993  63  13319  23.0  27.2   2.33   1.9   0.0
  1 1993  64  12455  23.9  28.1   2.39   2.2   0.0
  1 1993  65  17171  23.2  29.2   2.64   2.1   0.3
  1 1993  66  24766  22.8  30.6   2.77   2.4   0.0
  1 1993  67  24622  22.0  30.0   2.65   2.7   0.0
  1 1993  68  14615  22.0  28.5   2.41   2.1   0.0
  1 1993  69  17891  22.2  28.0   2.30   2.3   0.0
  1 1993  70  22102  19.0  29.5   2.43   1.8   0.0
  1 1993  71  17999  20.8  29.0   2.41   1.6   0.5
  1 1993  72  20878  21.5  28.6   2.44   2.5   0.0
  1 1993  73  20878  22.0  29.5   2.41   2.4   0.0
  1 1993  74  24514  21.2  30.0   2.41   1.6   0.0
  1 1993  75  26566  19.2  31.5   2.43   1.4   0.0
  1 1993  76  25846  19.0  30.0   2.50   1.3   0.0
  1 1993  77  25702  19.0  32.4   2.60   1.3   0.0
  1 1993  78  25702  22.3  31.5   2.68   1.6   0.0
  1 1993  79  24874  23.9  30.5   2.64   2.0   0.0
  1 1993  80  23182  22.5  30.0   2.56   2.0   0.0
  1 1993  81  15695  23.0  30.0   2.63   1.9   0.8
  1 1993  82  24010  23.3  30.2   2.67   2.5   0.0
  1 1993  83  27790  22.5  30.0   2.40   2.5   0.0
  1 1993  84  25270  21.0  30.6   2.42   2.1   0.0
  1 1993  85  27610  21.5  30.0   2.47   2.0   0.0
  1 1993  86  22354  21.8  30.6   2.63   2.0   0.0
  1 1993  87  21994  23.0  31.0   2.72   1.7   0.0
  1 1993  88  22318  24.6  31.0   2.82   1.9   0.0
  1 1993  89  25846  23.4  31.0   2.59   2.0   0.0
  1 1993  90  28366  20.5  32.0   2.54   1.7   0.0
  1 1993  91  28006  20.4  31.5   2.40   2.0   0.0
  1 1993  92  27034  20.0  31.0   2.40   1.7   0.0
  1 1993  93  26350  21.3  32.0   2.66   1.6   0.0
  1 1993  94  26926  21.5  34.0   2.73   1.5   0.0
  1 1993  95  26386  23.2  33.0   2.79   1.9   0.0
  1 1993  96  25450  22.5  31.5   2.66   2.0   0.0
  1 1993  97  24982  23.0  31.5   2.56   1.9   0.0
  1 1993  98  25486  22.0  31.5   2.69   2.3   0.0
  1 1993  99  26710  22.8  31.5   2.64   2.0   0.0
  1 1993 100  27826  22.7  31.0   2.65   1.8   0.0
  1 1993 101  22426  23.6  31.0   2.69   1.9   0.0
  1 1993 102  25990  23.5  32.8   2.74   1.7   0.0
  1 1993 103  18359  25.0  31.0   2.87   2.1   3.2
  1 1993 104  16091  24.0  31.0   2.74   2.3   0.2
  1 1993 105  25954  24.0  31.5   2.70   2.3   0.0
  1 1993 106  27754  22.7  32.1   2.87   1.8   0.0
  1 1993 107  22462  23.7  33.0   2.82   1.3   0.4
  1 1993 108  17531  24.0  32.5   2.95   1.2   0.0
  1 1993 109  22714  25.0  33.4   2.86   1.3   0.0
  1 1993 110  23434  25.0  33.0   2.93   1.5   0.0
  1 1993 111  23434  23.7  32.6   2.90   2.0   0.0
  1 1993 112  28258  23.4  33.2   2.81   1.6   0.0
  1 1993 113  24622  23.5  32.7   2.81   2.0   0.0
  1 1993 114  21850  23.1  33.0   2.69   1.8   0.0
  1 1993 115  22354  24.0  32.3   2.78   2.0   0.0
  1 1993 116  28006  22.5  32.0   2.60   2.4   0.0
  1 1993 117  20518  22.6  31.0   2.64   2.2   0.0
  1 1993 118  14615  24.4  32.6   2.93   1.8   0.0
  1 1993 119  14147  25.5  31.0   3.09   1.5  14.8
  1 1993 120  26314  25.5  32.5   3.05   1.9   0.0
  1 1993 121  19438  23.6  33.0   2.91   1.5   0.0
  1 1993 122  26062  25.0  33.0   2.91   2.1   0.0
  1 1993 123  29338  23.3  33.1   2.86   2.0   0.0
  1 1993 124  29194  24.0  33.0   2.73   2.2   0.0
  1 1993 125  27394  24.0  33.5   2.91   2.0   0.0
  1 1993 126  28114  24.3  32.2   2.68   2.3   0.0
  1 1993 127  27754  24.0  34.8   2.94   1.4   0.0
  1 1993 128  28258  24.2  34.3   2.88   1.9   0.0
  1 1993 129  29194  24.0  33.2   2.82   1.9   0.0
  1 1993 130  26674  25.0  32.5   2.85   2.3   0.0
  1 1993 131  24514  25.0  34.0   2.92   2.4   0.0
  1 1993 132  21130  26.4  32.5   2.99   2.2   5.4
  1 1993 133  25702  24.5  33.0   3.10   2.5   0.0
  1 1993 134  18611  24.7  32.8   2.78   1.9   0.0
  1 1993 135  26782  24.0  33.3   2.90   2.3   0.0
  1 1993 136  24874  24.0  33.0   2.79   2.2   0.0
  1 1993 137  21238  25.1  33.5   2.81   2.1   0.0
  1 1993 138  24154  24.0  33.0   2.77   2.5   0.0
  1 1993 139  23794  24.2  33.0   2.81   1.8   1.4
  1 1993 140  17999  25.0  32.5   3.03   1.8   0.0
  1 1993 141  24010  23.1  33.5   2.83   2.2   0.0
  1 1993 142  26422  25.0  33.5   2.90   2.4   0.0
  1 1993 143  21634  24.5  32.2   2.83   1.6  12.1
  1 1993 144  23290  24.7  33.7   2.97   1.4   0.0
  1 1993 145  26206  23.9  35.0   3.05   1.5   0.0
  1 1993 146  25486  24.2  36.6   3.04   1.3   0.0
  1 1993 147  20302  23.5  35.6   2.93   1.3   0.0
  1 1993 148  25234  25.2  35.5   3.06   1.5  12.5
  1 1993 149  21022  23.7  34.1   2.98   1.1   0.0
  1 1993 150  24262  24.0  35.5   3.19   1.2   0.0
  1 1993 151  23542  24.4  36.1   2.96   1.5   0.0
  1 1993 152  13787  27.5  35.0   3.32   0.8  32.0
  1 1993 153  24874  24.2  35.7   3.04   1.2   0.0
  1 1993 154  17531  24.5  35.2   2.99   1.2   5.1
  1 1993 155  26782  24.1  35.0   3.09   1.2   0.0
  1 1993 156  23182  24.7  35.0   3.15   1.1   0.0
  1 1993 157  23902  24.2  35.0   3.10   1.3   0.0
  1 1993 158  18251  25.5  34.5   3.03   1.2   5.6
  1 1993 159  25594  24.6  34.5   3.05   1.2   5.3
  1 1993 160  20050  25.7  34.5   3.25   1.2   0.0
  1 1993 161  23794  25.5  34.0   2.97   1.3   0.0
  1 1993 162  18719  25.5  34.0   3.04   1.3   0.0
  1 1993 163  25126  24.2  35.0   3.05   1.5   0.0
  1 1993 164  28474  24.2  35.5   3.04   1.4   0.0
  1 1993 165  24874  24.9  35.0   3.03   1.9   0.0
  1 1993 166  14255  25.4  32.1   3.08   1.2   9.7
  1 1993 167  20050  24.7  34.6   3.12   1.0   0.2
  1 1993 168  16091  25.7  32.7   3.09   1.3   0.0
  1 1993 169  22822  24.9  33.1   3.10   1.1   0.0
  1 1993 170  15119  25.7  32.5   3.01   1.1   1.3
  1 1993 171  17639  24.6  33.5   3.09   1.1  10.5
  1 1993 172  25342  24.5  33.2   3.25   1.1   0.5
  1 1993 173  26422  24.2  35.2   3.02   1.2   0.0
  1 1993 174  25126  25.3  35.0   3.22   1.3   0.0
  1 1993 175  24874  24.7  34.0   3.23   1.8   0.4
  1 1993 176   7991  26.0  30.7   3.25   4.3  37.2
  1 1993 177   2592  25.0  26.5   3.05   1.6  52.4
  1 1993 178  17891  23.8  31.6   3.07   1.6   0.4
  1 1993 179  17027  25.5  32.0   3.06   1.1   0.0
  1 1993 180  23794  25.0  31.8   3.05   1.8   1.4
  1 1993 181  15839  25.0  32.6   3.07   1.4   0.6
  1 1993 182  19438  25.6  30.1   3.17   1.9   0.0
  1 1993 183  18359  25.8  34.6   3.16   1.2  11.6
  1 1993 184  18970  24.5  33.0   3.00   1.5   0.4
  1 1993 185  22822  25.0  32.7   2.95   1.2   0.0
  1 1993 186  21850  25.7  33.5   3.05   1.3  10.8
  1 1993 187  26926  24.0  34.0   3.10   1.3   0.0
  1 1993 188  28978  24.8  33.5   3.13   1.4   0.0
  1 1993 189  19438  25.0  31.5   2.98   2.5 109.6
  1 1993 190   6551  23.5  29.0   3.01   1.1  10.4
  1 1993 191  17171  23.6  30.6   2.99   1.1   0.7
  1 1993 192  21022  23.7  32.0   2.95   1.5   0.0
  1 1993 193  24010  24.0  32.2   2.90   1.1   0.0
  1 1993 194  24766  23.5  32.8   3.05   1.2   0.0
  1 1993 195  26422  24.8  34.0   3.10   1.0   5.0
  1 1993 196  27754  24.6  33.0   3.17   1.3   4.7
  1 1993 197  11627  24.3  31.0   3.05   1.2   0.2
  1 1993 198  14039  25.3  32.7   3.13   1.0   0.1
  1 1993 199  23902  23.5  32.0   2.91   1.1   0.0
  1 1993 200  20770  24.1  32.1   3.11   1.2   0.0
  1 1993 201  21634  23.4  32.2   3.15   1.1   6.8
  1 1993 202  21850  23.7  32.1   3.11   1.4   7.6
  1 1993 203  23650  24.0  32.2   2.98   1.3   6.2
  1 1993 204  23434  24.0  32.0   3.03   1.2   0.0
  1 1993 205  20410  25.5  32.2   3.03   1.4   0.0
  1 1993 206  23290  24.0  33.0   3.12   1.3   0.0
  1 1993 207  17279  24.6  32.8   2.89   1.4   0.0
  1 1993 208  10763  26.0  30.6   2.96   1.7   0.5
  1 1993 209   7775  25.5  30.1   2.97   1.6   5.8
  1 1993 210   8495  24.5  29.5   3.05   2.3  49.2
  1 1993 211   8243  23.0  29.0   2.79   1.9   4.2
  1 1993 212  22354  24.0  32.1   2.62   1.5   0.0
  1 1993 213  16451  24.1  31.5   2.90   1.2  12.0
  1 1993 214  24010  23.2  32.5   3.04   1.0   0.0
  1 1993 215   6551  24.0  29.0   3.05   0.6   4.0
  1 1993 216  20518  24.1  31.9   2.94   1.1   0.0
  1 1993 217  26674  23.4  32.5   2.97   1.1   0.0
  1 1993 218  19690  24.2  32.0   3.18   1.0   0.0
  1 1993 219  16451  24.6  32.0   2.95   1.4   4.2
  1 1993 220   7019  25.0  29.8   2.96   1.5  31.6
  1 1993 221   2592  23.1  25.0   2.82   1.6  61.2
  1 1993 222   3888  23.3  25.6   2.79   1.0  24.3
  1 1993 223  15227  23.2  29.6   2.91   1.2   0.0
  1 1993 224  18467  24.5  31.5   2.87   1.4   0.0
  1 1993 225  10043  24.5  30.9   3.01   1.2   9.0
  1 1993 226  17747  23.4  31.6   2.94   0.8   0.0
  1 1993 227  24406  23.4  32.0   2.90   0.9   0.0
  1 1993 228  22210  22.3  31.5   2.95   1.1   0.6
  1 1993 229  13175  23.9  31.1   3.14   1.7   4.6
  1 1993 230   6299  23.6  28.0   2.91   1.2  10.0
  1 1993 231  10043  23.5  30.0   2.90   0.8   0.0
  1 1993 232  28366  22.6  33.5   2.96   1.4   0.0
  1 1993 233  25342  23.4  31.8   2.99   1.0   0.0
  1 1993 234   9683  24.4  30.2   3.00   1.2  63.4
  1 1993 235   7523  23.9  29.0   2.86   1.1  11.1
  1 1993 236  21994  24.6  31.4   3.00   1.9   1.0
  1 1993 237  26314  23.5  31.5   2.99   1.3   0.4
  1 1993 238  22102  25.2  32.2   3.01   1.3   1.0
  1 1993 239  16307  24.2  32.2   2.94   1.1   1.2
  1 1993 240  17387  23.1  30.5   2.99   1.1  16.7
  1 1993 241  19330  23.0  31.1   3.03   0.9  12.8
  1 1993 242  19438  23.2  30.6   3.04   0.9   0.4
  1 1993 243  21238  24.6  31.6   3.08   0.9   0.0
  1 1993 244  16811  24.2  32.1   3.13   0.8   0.0
  1 1993 245  16919  23.8  32.5   3.09   1.0   0.0
  1 1993 246  18862  25.1  32.6   3.00   1.3   1.6
  1 1993 247   9935  24.0  29.4   2.98   0.8  25.0
  1 1993 248  21634  23.7  31.3   2.92   1.0   0.2
  1 1993 249  15119  23.6  30.7   2.98   1.1   0.4
  1 1993 250  20158  24.2  32.5   2.97   0.9   0.0
  1 1993 251  13427  24.4  29.2   3.03   1.2  10.6
  1 1993 252   9071  23.2  29.5   2.94   0.8   0.3
  1 1993 253  15695  23.2  30.1   2.95   1.3   5.0
  1 1993 254  10655  24.2  30.5   2.85   1.2   0.0
  1 1993 255  16919  23.2  30.8   2.87   1.0   0.0
  1 1993 256  17747  23.2  31.2   3.00   1.0   1.1
  1 1993 257  15479  23.5  30.5   3.08   0.8   1.3
  1 1993 258   6299  24.3  29.0   3.00   1.1   2.2
  1 1993 259   7883  24.0  29.5   3.08   0.9  49.4
  1 1993 260  20158  22.2  32.9   2.83   1.5  22.1
  1 1993 261  17279  24.1  30.9   3.07   0.4  12.0
  1 1993 262  13067  24.1  29.6   2.88   0.7   5.2
  1 1993 263  12815  23.4  30.1   2.90   0.7  12.2
  1 1993 264  19582  24.0  31.0   3.03   0.9   5.7
  1 1993 265  18719  24.7  32.0   3.20   1.0   0.0
  1 1993 266  23290  23.7  32.4   3.17   0.8   0.0
  1 1993 267  24874  23.0  32.0   3.05   0.9   0.0
  1 1993 268  23434  24.2  32.3   3.15   0.7  15.6
  1 1993 269  22102  24.2  32.0   3.07   0.9   0.2
  1 1993 270  10655  24.9  30.5   3.08   0.6   4.0
  1 1993 271  11735  24.1  30.0   3.10   0.6   0.0
  1 1993 272  21130  24.4  31.5   3.05   0.9  40.6
  1 1993 273  22930  24.0  31.5   3.14   0.8   0.3
  1 1993 274  16091  24.2  31.2   3.01   0.7  17.0
  1 1993 275  12707  23.4  30.2   3.03   0.8  15.8
  1 1993 276  11627  24.0  30.5   3.02   2.8   2.5
  1 1993 277   4500  23.9  28.5   2.93   5.9  45.3
  1 1993 278   3672  25.0  28.5   2.89   7.7  47.2
  1 1993 279   9575  25.0  29.2   2.79   2.4  25.2
  1 1993 280  13175  24.1  30.5   2.95   1.9   0.4
  1 1993 281  24406  23.7  31.5   2.75   1.2   0.0
  1 1993 282  18107  21.1  31.1   2.82   0.8   0.0
  1 1993 283  13535  23.1  30.1   3.09   0.7   1.2
  1 1993 284  23074  21.5  32.7   2.71   0.9   0.0
  1 1993 285  20770  23.2  31.0   2.95   1.4   0.0
  1 1993 286  12095  23.5  29.7   3.03   1.3  22.4
  1 1993 287  13067  23.4  28.8   2.97   1.4  41.8
  1 1993 288  11843  23.2  29.2   2.83   0.9  11.5
  1 1993 289  14039  23.7  29.0   2.70   1.2   0.3
  1 1993 290  11483  24.0  29.9   3.03   1.0   1.8
  1 1993 291   8243  24.6  29.5   3.02   0.8   9.4
  1 1993 292  16307  23.9  30.6   2.93   0.8   0.2
  1 1993 293  23650  23.7  32.1   3.03   1.2   0.0
  1 1993 294  19438  23.4  31.1   2.91   1.1   0.0
  1 1993 295   7019  23.9  28.5   2.99   0.8  12.7
  1 1993 296  13175  24.2  29.0   3.14   1.0   4.8
  1 1993 297   6443  23.7  28.0   2.84   1.2  58.4
  1 1993 298   5220  23.2  26.7   2.66   0.8   2.3
  1 1993 299   9071  23.5  27.7   2.88   1.0   1.1
  1 1993 300  22930  23.5  30.4   2.82   1.8   0.6
  1 1993 301  18611  22.9  30.5   2.96   2.2   1.8
  1 1993 302  10295  24.2  28.5   2.85   1.5   0.2
  1 1993 303  13067  23.6  30.1   2.89   1.2   0.8
  1 1993 304  19222  22.5  31.0   3.00   2.2   1.2
  1 1993 305   3420  24.3  27.0   2.82   6.0  77.8
  1 1993 306  14867  23.6  31.1   2.90   2.3   0.0
  1 1993 307  20158  25.0  32.5   2.91   1.2  11.6
  1 1993 308  17387  23.7  31.0   2.84   1.3   0.0
  1 1993 309  18970  23.9  31.1   2.98   1.4   2.2
  1 1993 310  12707  23.9  29.5   3.15   1.4   2.8
  1 1993 311  10655  24.4  29.2   2.90   1.3   3.2
  1 1993 312  17747  24.4  30.0   3.05   1.8   3.1
  1 1993 313  21634  23.7  30.5   2.87   1.7   0.0
  1 1993 314  14507  24.5  30.1   2.78   1.9   0.0
  1 1993 315   8711  24.4  28.5   2.67   1.0   0.1
  1 1993 316  17171  24.5  31.0   2.85   1.1   1.4
  1 1993 317  19582  24.0  32.1   2.80   1.4   0.0
  1 1993 318  22570  25.6  32.2   2.80   1.7   0.0
  1 1993 319  18251  24.6  31.3   2.91   1.3   0.0
  1 1993 320  18359  24.0  30.7   2.96   1.8   4.4
  1 1993 321  17027  23.5  30.5   2.82   1.6   0.0
  1 1993 322  15479  23.0  29.5   2.67   2.1   4.0
  1 1993 323  11627  23.8  29.2   2.71   1.9   0.4
  1 1993 324  15227  23.7  29.7   2.79   2.6  10.3
  1 1993 325   3780  25.0  26.9   3.06   1.8  68.2
  1 1993 326  11123  24.2  29.4   3.01   1.7   4.4
  1 1993 327  16703  24.8  31.0   2.82   1.9   1.2
  1 1993 328  15371  24.2  29.8   3.02   2.2  10.6
  1 1993 329   7559  23.6  28.0   2.88   1.6   1.4
  1 1993 330  12167  25.2  30.1   3.07   1.7  15.9
  1 1993 331  12347  24.0  29.2   2.94   1.9   0.1
  1 1993 332  15731  24.7  30.5   2.95   2.2   0.6
  1 1993 333  15299  24.1  30.2   2.90   1.9   1.7
  1 1993 334  12131  24.5  30.6   3.01   1.5   5.2
  1 1993 335  17351  24.5  30.4   3.02   1.6  27.9
  1 1993 336   8315  24.4  27.9   2.97   1.2  34.3
  1 1993 337   9539  24.7  29.0   2.97   0.9   7.8
  1 1993 338  10439  24.8  28.5   2.92   1.6   2.1
  1 1993 339   9575  23.6  29.0   2.89   4.3 130.4
  1 1993 340   5112  23.2  26.6   3.02   3.9  34.8
  1 1993 341   9215  23.4  28.6   2.94   1.8  68.4
  1 1993 342  12203  24.1  28.6   2.90   2.8   1.4
  1 1993 343  13895  23.2  28.4   2.32   2.1   0.0
  1 1993 344   9827  23.2  28.7   2.78   1.3  22.5
  1 1993 345   5004  24.6  28.2   2.98   1.2  29.5
  1 1993 346  16271  24.3  30.2   2.94   2.4   0.1
  1 1993 347  14939  24.4  30.0   2.95   2.1   0.0
  1 1993 348   9035  24.0  28.9   2.95   2.2   4.2
  1 1993 349    684  25.9  27.1   2.68   2.5  20.9
  1 1993 350  11411  24.5  29.0   2.96   2.2   4.8
  1 1993 351   9791  23.6  27.5   2.62   1.7   5.4
  1 1993 352  15659  23.5  29.0   2.85   2.2   0.7
  1 1993 353  16523  22.5  29.4   2.80   1.2   0.0
  1 1993 354  14579  24.2  28.5   2.58   2.0   0.0
  1 1993 355   5652  24.0  27.1   2.76   1.7   4.4
  1 1993 356   8459  23.4  27.5   2.65   3.7   0.6
  1 1993 357  16271  24.0  28.0   2.32   3.1   0.0
  1 1993 358  10979  20.5  26.1   2.32   2.1   1.7
  1 1993 359  11915  22.1  27.2   2.37   2.7   0.0
  1 1993 360   6299  20.2  25.0   2.25   4.8   0.2
  1 1993 361   4032  22.7  24.3   2.51   3.5 147.0
  1 1993 362   3528  21.5  24.6   2.65   1.1  21.1
  1 1993 363  13895  22.7  28.5   2.68   1.4   0.0
  1 1993 364  16091  23.5  29.6   2.75   2.2   0.0
  1 1993 365  14039  22.4  30.0   2.82   1.1   4.0
";}}s:20:"custom_result_object";a:0:{}s:11:"current_row";i:0;s:8:"num_rows";i:1;s:8:"row_data";N;}