O:12:"CI_DB_result":8:{s:7:"conn_id";N;s:9:"result_id";N;s:12:"result_array";a:1:{i:0;a:9:{s:2:"id";s:2:"33";s:7:"country";s:11:"Philippines";s:12:"station_code";s:1:"2";s:12:"country_code";s:4:"phil";s:13:"site_latitude";N;s:14:"site_longitude";N;s:13:"site_altitude";N;s:4:"year";s:4:"2002";s:4:"data";s:19813:"*-----------------------------------------------------------
*  Station Name: IRDR0002    IRRI Dryland Site, Los Banos, Laguna
*  Author      : Climate Unit, IRRI    -99.: nil value
*  Source      : International Rice Research Institute (IRRI)
*
*  Comments    : This file is extracted from CLICOM database.
*  Longitude:  121 15 E   Latitude:  14 13 N   Altitude: 23.0 m
*
*  Column    Daily Value
*     1      Station number
*     2      Year
*     3      Day
*     4      irradiance         KJ m-2 d-1
*     5      min temperature            oC
*     6      max temperature            oC
*     7      vapor pressure            kPa
*     8      mean wind speed         m s-1
*     9      precipitation          mm d-1
*-----------------------------------------------------------
121.25  14.22  23.0  0.00  0.00
  2 2002   1  14147  23.0  29.9   2.63   1.1   1.0
  2 2002   2   9611  21.8  27.6   2.61   1.9   0.2
  2 2002   3  13571  22.5  27.5   2.29   2.3   0.0
  2 2002   4  18970  21.5  27.6   2.01   1.9   0.0
  2 2002   5  18143  19.5  28.5   2.05   1.7   0.0
  2 2002   6  14291  19.4  29.1   2.37   1.8   0.0
  2 2002   7  17423  21.5  28.6   2.31   1.8   0.0
  2 2002   8  19942  20.7  27.8   1.95   2.7   0.0
  2 2002   9  19582  22.9  29.0   1.98   2.4   0.0
  2 2002  10  18719  20.2  28.6   2.06   1.6   0.0
  2 2002  11  19798  19.5  29.5   2.10   1.7   0.0
  2 2002  12  13571  19.9  28.6   2.21   1.8   0.0
  2 2002  13  18611  22.6  31.5   2.48   1.0   0.0
  2 2002  14  12491  20.0  30.5   2.58   1.4   0.0
  2 2002  15  16451  23.7  31.5   2.66   1.7   1.6
  2 2002  16  14147  23.7  29.0   2.83   1.5   0.3
  2 2002  17  16667  24.0  31.1   2.77   1.5   0.0
  2 2002  18  22318  24.9  31.5   2.68   1.7   0.0
  2 2002  19  24010  22.6  32.0   2.62   1.7   0.0
  2 2002  20  23182  21.5  31.2   2.46   1.7   0.0
  2 2002  21  24118  21.8  31.5   2.52   1.6   0.0
  2 2002  22  17531  22.9  29.4   2.49   2.3   0.0
  2 2002  23  14759  23.1  29.5   2.30   2.2   0.2
  2 2002  24  10331  22.4  28.0   2.49   2.4   0.2
  2 2002  25  19222  23.1  31.5   2.52   1.9   0.0
  2 2002  26  11159  23.0  28.4   2.95   1.2   0.6
  2 2002  27  24262  22.8  31.6   2.66   1.9   0.0
  2 2002  28  24478  22.3  31.7   2.43   1.8   0.0
  2 2002  29  21130  21.5  30.4   2.45   2.0   0.0
  2 2002  30  19942  23.1  29.5   2.37   2.0   0.0
  2 2002  31   9107  22.2  26.5   2.41   1.7  10.0
  2 2002  32  16919  22.0  29.6   2.49   1.5   0.0
  2 2002  33  24622  20.0  29.8   2.12   1.6   0.0
  2 2002  34  24370  20.0  30.0   2.22   1.8   0.0
  2 2002  35  23398  19.4  30.8   2.16   1.4   0.0
  2 2002  36  23542  21.1  31.0   2.34   1.4   0.0
  2 2002  37  21742  22.0  31.1   2.42   1.9   0.0
  2 2002  38  13931  23.4  30.0   2.41   1.7   0.4
  2 2002  39   8891  23.0  28.5   2.75   0.9   5.0
  2 2002  40  11519  23.7  29.0   2.85   1.1   0.0
  2 2002  41  23038  23.0  32.2   2.65   1.3   0.0
  2 2002  42   6120  22.5  25.6   2.60   1.2   2.1
  2 2002  43   9827  22.6  27.9   2.53   1.6   0.0
  2 2002  44  10799  22.3  28.4   2.44   1.7   0.0
  2 2002  45  22678  22.5  30.4   2.33   2.4   1.9
  2 2002  46  21130  21.6  28.9   2.28   2.2   1.0
  2 2002  47  18503  22.9  29.5   2.08   2.1   0.0
  2 2002  48  22930  22.5  30.6   2.24   1.9   0.0
  2 2002  49  21742  23.0  30.1   2.31   2.3   0.0
  2 2002  50  17423  22.4  29.6   2.22   2.8   0.0
  2 2002  51  11519  23.2  27.5   2.09   2.7   0.0
  2 2002  52  13319  21.5  29.0   2.08   2.8   0.0
  2 2002  53  18611  22.5  30.5   2.28   1.8   0.0
  2 2002  54  20302  24.0  32.0   2.50   1.7   0.0
  2 2002  55  23758  23.2  32.1   2.61   1.9   0.0
  2 2002  56  19942  24.0  32.1   2.55   2.1   0.0
  2 2002  57  20878  23.2  31.9   2.46   1.8   0.0
  2 2002  58  23902  21.8  32.0   2.41   1.7   0.0
  2 2002  59  19222  22.4  31.1   2.36   1.8   0.0
  2 2002  60  22318  20.5  30.4   2.20   2.0   0.0
  2 2002  61  11051  21.0  29.1   2.30   1.7   0.4
  2 2002  62  17171  22.5  30.6   2.45   2.0   0.0
  2 2002  63  25558  22.5  30.6   2.08   2.0   0.0
  2 2002  64  27142  21.6  32.6   2.34   1.3   0.0
  2 2002  65  24982  21.7  33.0   2.33   1.3   0.0
  2 2002  66  16451  22.0  30.4   2.52   2.6   0.0
  2 2002  67  17639  22.5  29.0   2.32   2.5   0.0
  2 2002  68  17531  21.0  29.0   2.12   2.1   0.0
  2 2002  69  21742  21.4  30.8   2.46   2.3   0.0
  2 2002  70  13679  22.5  29.0   2.36   2.0   0.0
  2 2002  71   9827  23.8  29.1   2.58   1.1   5.2
  2 2002  72  13571  23.9  29.6   2.83   1.3   0.0
  2 2002  73  20518  23.9  32.2   2.73   1.3   0.0
  2 2002  74  24262  21.8  33.4   2.62   1.4   0.0
  2 2002  75  23542  22.2  33.5   2.69   1.8   0.0
  2 2002  76  26638  24.4  33.2   2.78   2.4   0.0
  2 2002  77  24478  24.0  32.8   2.56   2.7   0.0
  2 2002  78  12491  23.8  29.7   2.41   2.3   0.2
  2 2002  79  17063  23.4  30.4   2.53   2.2   0.1
  2 2002  80  24622  23.3  33.0   2.49   2.2   0.0
  2 2002  81  16667  23.0  31.7   2.62   1.9   0.0
  2 2002  82  10907  25.5  29.4   2.88   1.2  18.0
  2 2002  83  18359  23.0  34.0   2.91   1.7   0.0
  2 2002  84  21598  25.4  34.4   3.05   1.5   0.0
  2 2002  85  17423  23.5  32.5   2.76   1.3   0.0
  2 2002  86  24838  24.0  34.0   2.88   1.7   0.0
  2 2002  87  28582  22.6  34.5   2.56   1.9   0.0
  2 2002  88  27862  22.7  35.8   2.79   1.6   0.0
  2 2002  89  29050  20.5  34.6   2.56   1.7   0.0
  2 2002  90  27142  22.5  34.2   2.51   2.0   0.0
  2 2002  91  26530  23.0  34.0   2.54   2.2   0.0
  2 2002  92  25810  22.8  33.8   2.60   1.5   0.0
  2 2002  93  24838  20.5  34.5   2.51   1.5   0.0
  2 2002  94  25918  21.3  35.3   2.53   1.3   0.0
  2 2002  95  21850  23.4  33.8   2.63   1.6   0.0
  2 2002  96  24838  22.9  34.8   2.51   1.4   0.0
  2 2002  97  25918  24.0  35.0   2.75   1.8   0.0
  2 2002  98  25342  24.0  34.5   2.68   1.9   0.0
  2 2002  99  26638  24.4  34.5   2.70   2.1   0.0
  2 2002 100  26890  24.3  34.6   2.73   2.3   0.0
  2 2002 101  26890  23.8  34.5   2.50   2.2   0.0
  2 2002 102  25342  24.0  34.5   2.66   2.1   0.0
  2 2002 103  27142  24.0  33.5   2.54   2.7   0.0
  2 2002 104  17423  23.7  32.0   2.63   2.0   1.6
  2 2002 105  17783  25.1  34.0   3.12   1.5   4.4
  2 2002 106  26530  25.5  34.5   2.82   2.2   0.0
  2 2002 107  16667  24.5  32.5   2.70   1.6   0.7
  2 2002 108  19078  25.0  34.5   2.85   2.2   0.0
  2 2002 109  27862  25.5  35.0   2.84   2.4   0.0
  2 2002 110  24370  25.6  35.5   2.84   2.2   0.0
  2 2002 111  20878  25.2  34.6   2.81   2.1   0.0
  2 2002 112  18251  24.5  33.7   2.76   2.3   0.4
  2 2002 113  27970  25.6  35.7   2.89   2.6   0.0
  2 2002 114  22318  24.5  34.0   2.60   2.1   0.0
  2 2002 115  21490  25.2  35.2   2.78   1.9   0.0
  2 2002 116  19582  25.0  33.1   2.66   2.2   0.0
  2 2002 117  22102  24.2  34.6   2.57   2.2   0.6
  2 2002 118  25450  24.4  35.0   2.89   2.4   0.0
  2 2002 119  26782  25.0  34.5   2.64   2.4   0.0
  2 2002 120  25918  25.3  34.5   2.76   2.4   0.0
  2 2002 121  26638  24.6  35.2   2.75   2.3   0.0
  2 2002 122  25450  25.6  34.8   2.69   2.5   0.0
  2 2002 123  25918  25.7  35.1   2.87   2.7   0.0
  2 2002 124  29554  25.1  35.2   2.81   2.7   0.0
  2 2002 125  26422  26.4  34.2   2.75   2.5   0.0
  2 2002 126  26170  24.5  35.0   2.71   2.3   0.0
  2 2002 127  26782  25.0  35.8   2.66   2.2   0.0
  2 2002 128  27718  24.5  35.0   2.74   2.3   1.0
  2 2002 129   8891  26.0  31.0   3.10   1.5   6.8
  2 2002 130  24262  25.9  36.3   2.99   2.1   0.0
  2 2002 131  29410  24.5  36.7   2.96   1.9   0.0
  2 2002 132  27610  25.7  36.2   2.97   2.2   0.0
  2 2002 133  26998  24.0  36.0   2.96   1.9   0.0
  2 2002 134  26062  25.7  36.5   2.99   1.4   0.0
  2 2002 135  19942  25.7  36.7   3.02   1.6   7.2
  2 2002 136  16811  25.0  35.2   3.29   1.2  24.0
  2 2002 137  21742  24.8  34.0   2.95   1.2   0.0
  2 2002 138  17999  24.5  34.0   3.07   1.5   9.2
  2 2002 139  19690  24.0  34.2   3.06   1.7   2.3
  2 2002 140  16307  25.0  34.5   3.25   1.2   1.3
  2 2002 141  14147  25.5  33.7   3.04   1.5   8.8
  2 2002 142  12599  25.5  34.0   3.15   1.0   2.2
  2 2002 143  17999  23.3  32.8   3.03   1.1  13.8
  2 2002 144  25450  23.0  34.0   2.80   1.5   0.0
  2 2002 145  24730  24.3  35.0   3.21   1.9   0.0
  2 2002 146  18970  25.1  34.0   3.16   2.0   0.8
  2 2002 147  18143  23.7  32.7   3.06   1.6   1.6
  2 2002 148  16451  24.5  33.9   3.03   0.9   8.2
  2 2002 149  13931  24.6  32.6   3.17   1.0   8.8
  2 2002 150  27610  23.6  33.7   3.00   1.6  15.3
  2 2002 151  24478  24.2  34.4   3.26   1.4   0.0
  2 2002 152  13319  24.6  31.1   2.98   1.3  15.0
  2 2002 153  19690  24.2  33.8   3.03   1.5   0.0
  2 2002 154  25702  24.0  35.5   3.03   1.7   0.0
  2 2002 155  20878  24.5  33.6   3.06   1.9   0.0
  2 2002 156  21130  25.0  35.2   3.02   1.1   0.0
  2 2002 157  21022  23.5  35.2   2.94   1.6   0.0
  2 2002 158  22930  24.5  35.5   3.09   1.5   0.0
  2 2002 159  25810  24.0  36.5   3.04   1.7   0.0
  2 2002 160  16919  23.3  34.2   2.85   1.0   0.5
  2 2002 161  26890  23.0  35.5   3.01   1.8   0.0
  2 2002 162  27718  24.1  36.5   2.92   1.8   0.0
  2 2002 163  24010  26.0  36.1   3.08   2.0   0.0
  2 2002 164  24118  25.4  35.7   3.00   1.7   0.0
  2 2002 165  25342  24.8  35.5   3.01   1.5   0.0
  2 2002 166  25090  25.0  35.2   3.02   1.5   0.0
  2 2002 167  19078  25.5  35.3   3.04   1.1   0.6
  2 2002 168  18862  25.5  34.6   2.80   1.0   0.0
  2 2002 169  19690  24.0  35.5   3.10   1.1   3.2
  2 2002 170  17783  23.5  33.5   2.97   1.2  21.6
  2 2002 171  11627  25.0  29.6   3.10   2.4   9.8
  2 2002 172  16451  24.0  31.5   2.93   2.3   0.3
  2 2002 173  23038  24.6  32.5   3.16   2.7   0.0
  2 2002 174  23290  23.0  35.5   3.07   1.2   0.1
  2 2002 175  26890  26.0  35.8   2.92   1.4   0.0
  2 2002 176  24838  23.5  35.6   3.05   1.5   0.0
  2 2002 177  22462  24.7  35.1   3.09   1.7   0.0
  2 2002 178  18251  25.0  33.5   3.03   1.2   0.8
  2 2002 179  20878  24.1  33.3   2.94   1.4  26.8
  2 2002 180  25702  24.8  34.0   2.92   1.2   0.0
  2 2002 181  26422  24.0  35.6   3.05   1.3   0.0
  2 2002 182  24622  24.2  36.5   3.13   1.5   0.1
  2 2002 183  17531  24.1  33.8   3.09   3.3   2.5
  2 2002 184  10691  26.2  31.5   2.84   4.2  24.9
  2 2002 185  14291  24.2  31.5   2.97   3.1   0.0
  2 2002 186  11159  25.0  30.5   2.84   2.3  32.2
  2 2002 187   2988  24.5  26.5   2.99   2.4  60.8
  2 2002 188   7451  24.0  29.8   2.94   4.2  18.2
  2 2002 189  11987  24.6  31.1   2.96   4.9  13.0
  2 2002 190  17891  26.0  31.9   3.09   5.2   2.2
  2 2002 191  16559  27.6  31.7   3.15   4.6   1.6
  2 2002 192  20518  26.2  32.1   3.05   4.4   0.4
  2 2002 193  10907  25.0  32.0   3.11   2.7  40.5
  2 2002 194   4536  24.0  26.9   2.96   1.8  92.0
  2 2002 195   3816  23.5  26.5   2.82   2.5  21.5
  2 2002 196  19942  23.5  32.0   2.98   1.2   0.0
  2 2002 197  27358  22.5  32.8   2.98   1.3   0.0
  2 2002 198  27610  23.0  33.6   3.12   1.2   0.0
  2 2002 199  26170  23.4  34.0   3.12   1.3   0.0
  2 2002 200  16811  24.0  33.1   2.99   1.4  26.4
  2 2002 201   2988  23.5  25.5   2.92   4.2 138.7
  2 2002 202  11627  23.0  29.2   2.65   2.4   0.8
  2 2002 203  16811  23.5  30.7   2.75   3.2   4.7
  2 2002 204  20050  23.8  32.1   2.80   2.1   7.5
  2 2002 205  12851  23.7  31.7   3.01   1.7  85.0
  2 2002 206   6731  23.7  29.5   2.99   2.2  26.5
  2 2002 207   7307  23.5  28.6   2.75   2.3   7.6
  2 2002 208  23182  23.0  32.2   2.85   1.4   0.0
  2 2002 209  26062  22.5  33.1   2.97   1.9   0.0
  2 2002 210  24010  23.4  33.5   2.84   1.0   0.0
  2 2002 211  20158  23.5  33.6   3.01   1.4  16.3
  2 2002 212  17783  22.1  32.9   2.78   2.2   0.0
  2 2002 213  13931  24.5  31.0   2.77   3.3   5.6
  2 2002 214   9827  23.7  31.0   2.60   2.7   4.8
  2 2002 215  16811  22.5  32.2   2.84   1.7   0.0
  2 2002 216  16451  24.5  31.6   2.96   1.4   0.0
  2 2002 217  26998  23.5  33.5   2.88   1.7   0.0
  2 2002 218  20518  23.6  33.4   3.09   1.0   9.5
  2 2002 219  18251  23.3  32.9   3.25   0.7   4.7
  2 2002 220  18970  23.5  32.2   3.08   0.9   2.3
  2 2002 221  15587  23.5  31.8   3.03   0.9   4.1
  2 2002 222  22678  24.8  33.7   3.02   1.1   1.4
  2 2002 223  20662  24.5  34.0   3.16   1.2   0.0
  2 2002 224   3456  24.0  28.6   3.01   1.1  33.0
  2 2002 225   7091  24.8  27.8   2.99   0.9  53.6
  2 2002 226  14147  24.2  30.5   3.00   1.9  22.5
  2 2002 227  10691  24.2  30.5   3.06   0.8  51.1
  2 2002 228   9971  24.1  29.5   2.99   1.7   0.2
  2 2002 229  13067  24.5  30.5   2.78   1.5   2.4
  2 2002 230  14039  24.5  32.0   2.99   1.6   0.0
  2 2002 231  24370  23.1  33.5   2.80   1.4   0.0
  2 2002 232  21382  23.4  33.4   2.95   1.2   0.8
  2 2002 233  15587  25.0  31.5   3.04   0.7   0.1
  2 2002 234  21022  22.5  33.7   2.91   1.0   0.0
  2 2002 235  28474  23.5  34.3   3.03   0.9   4.5
  2 2002 236  22570  24.5  34.0   3.21   1.1   1.8
  2 2002 237  19330  23.2  33.8   3.03   1.0   0.2
  2 2002 238  23182  23.6  33.6   2.98   1.2   6.6
  2 2002 239  23038  22.2  33.4   3.03   0.9   0.0
  2 2002 240  23038  23.3  34.0   2.94   1.3   0.0
  2 2002 241  19690  24.0  34.0   3.21   1.3   0.0
  2 2002 242  16199  23.1  33.5   3.14   1.0   0.0
  2 2002 243  28906  23.5  32.7   3.03   1.2   0.0
  2 2002 244  23758  21.0  33.5   2.60   1.1   0.0
  2 2002 245  27502  22.2  34.5   3.05   1.5   0.0
  2 2002 246  24730  23.5  34.5   2.94   1.4   0.0
  2 2002 247  17423  23.5  34.0   2.86   1.1  13.8
  2 2002 248  13319  24.0  33.0   3.08   1.8   9.2
  2 2002 249  11627  24.1  31.0   2.90   2.3  10.6
  2 2002 250  11987  24.8  29.6   2.91   2.8  18.7
  2 2002 251   9251  23.9  30.6   2.85   1.3   8.0
  2 2002 252  15839  23.9  31.0   3.12   2.3   2.5
  2 2002 253  17279  25.0  31.6   2.90   1.7   0.1
  2 2002 254  10691  24.2  31.8   3.03   0.8  17.8
  2 2002 255  14147  23.2  30.6   2.94   0.8   5.1
  2 2002 256  22678  23.5  32.5   3.05   1.0   8.5
  2 2002 257  18143  24.0  32.5   2.91   1.0  18.4
  2 2002 258  21598  21.8  32.6   2.68   1.4  14.9
  2 2002 259  22318  22.4  33.0   2.79   1.6   0.0
  2 2002 260  11519  24.0  31.0   2.85   1.2  12.9
  2 2002 261  17639  23.8  31.5   2.75   1.3   0.0
  2 2002 262  18251  22.5  31.5   3.10   1.2   1.4
  2 2002 263  13931  23.1  31.0   2.94   0.7   0.2
  2 2002 264  19942  23.0  32.5   3.01   1.2   0.0
  2 2002 265  20518  22.5  33.0   2.89   1.0   0.2
  2 2002 266  14399  24.4  32.0   3.02   0.9  25.4
  2 2002 267  23758  22.2  33.0   2.92   0.7   0.0
  2 2002 268  21130  24.0  33.0   2.95   0.8   0.0
  2 2002 269  18143  23.6  32.5   3.03   0.8   0.0
  2 2002 270  25918  24.6  34.2   3.05   1.0   0.0
  2 2002 271  20302  25.5  31.8   3.06   1.2   0.3
  2 2002 272  12347  24.5  31.8   3.13   0.9  36.7
  2 2002 273  21382  23.6  32.4   2.91   0.7   0.2
  2 2002 274  19438  25.0  31.7   2.97   0.9   0.2
  2 2002 275  25918  24.5  32.7   3.02   1.2   0.0
  2 2002 276  16919  24.9  32.2   3.06   1.2   0.3
  2 2002 277   7199  25.2  29.6   3.07   0.8  17.7
  2 2002 278  13787  24.2  30.0   3.06   0.7   2.2
  2 2002 279   9467  24.2  30.0   3.11   0.5   2.2
  2 2002 280  20878  24.6  34.2   3.15   0.7  21.0
  2 2002 281  23038  24.5  34.7   3.20   0.8  30.9
  2 2002 282  17063  23.5  32.2   3.16   0.8  21.3
  2 2002 283  27610  23.8  34.1   3.15   0.9  27.8
  2 2002 284  24730  23.7  33.7   3.00   0.8   3.6
  2 2002 285  21958  24.0  33.4   3.10   1.0   0.5
  2 2002 286  17171  24.4  31.2   3.00   0.6   0.0
  2 2002 287  18503  23.2  32.1   3.03   0.8   0.0
  2 2002 288  10691  25.3  31.5   3.02   0.9  13.0
  2 2002 289   6120  23.8  27.5   2.85   0.7   3.7
  2 2002 290  18251  23.7  32.7   2.93   0.8   0.9
  2 2002 291  19222  24.3  32.2   2.99   0.7   1.6
  2 2002 292  24838  24.2  34.4   3.17   0.5   0.0
  2 2002 293  26998  23.6  33.6   3.18   0.9   0.0
  2 2002 294  18970  23.9  32.5   3.15   1.1   0.2
  2 2002 295  24982  23.9  33.6   3.24   1.2   0.0
  2 2002 296  24838  24.2  34.0   3.18   1.2   0.0
  2 2002 297  24622  24.5  34.2   3.13   1.1   0.0
  2 2002 298  21958  23.9  33.1   3.12   1.3   0.4
  2 2002 299  21382  25.0  33.0   3.08   1.2   2.1
  2 2002 300  10439  24.6  30.5   2.94   0.8   0.8
  2 2002 301  17999  24.0  30.7   2.98   1.3  23.6
  2 2002 302  20518  23.4  31.5   2.84   1.1   0.0
  2 2002 303  19690  24.1  32.0   3.12   0.8   0.0
  2 2002 304  20302  24.0  33.1   3.07   0.5   0.0
  2 2002 305  24262  24.2  34.0   3.14   0.6   0.0
  2 2002 306  21850  24.1  33.4   3.11   1.0   4.8
  2 2002 307   4176  25.5  27.5   3.16   0.9  14.0
  2 2002 308   5616  23.9  28.0   2.74   1.3  43.2
  2 2002 309   7559  23.5  28.6   2.76   1.1   3.2
  2 2002 310  14399  23.4  30.5   2.78   1.2   0.6
  2 2002 311   9611  24.1  29.0   2.84   0.9   0.0
  2 2002 312  17423  24.2  33.0   2.88   0.8   0.2
  2 2002 313  11879  24.5  32.0   2.98   1.2  25.6
  2 2002 314   8279  24.6  28.6   2.89   1.0   0.0
  2 2002 315  21958  23.2  32.4   2.80   1.4   0.9
  2 2002 316  15227  25.1  31.5   3.16   1.0   0.8
  2 2002 317  18719  24.6  33.0   3.10   1.0   0.4
  2 2002 318  19438  23.6  33.7   2.95   0.8   0.0
  2 2002 319  25090  24.0  33.8   2.91   1.0   0.0
  2 2002 320  14399  25.5  33.5   3.10   1.0   0.0
  2 2002 321  18251  25.5  33.2   3.15   1.2   0.2
  2 2002 322   7451  25.5  30.0   3.09   1.0  10.4
  2 2002 323   7667  24.6  28.0   2.99   0.9   3.0
  2 2002 324  15479  25.0  31.0   3.07   1.1  13.2
  2 2002 325  16091  24.5  31.5   3.14   1.0   2.6
  2 2002 326   8891  24.0  29.5   3.00   0.7   3.0
  2 2002 327  19078  22.9  31.5   2.77   0.9   0.0
  2 2002 328  18719  21.8  32.0   2.74   1.0   0.0
  2 2002 329   7091  24.0  27.8   2.58   1.0   0.0
  2 2002 330  10799  24.2  28.6   2.69   1.3  12.5
  2 2002 331   5148  22.8  27.2   2.71   0.9  13.6
  2 2002 332  18143  23.1  30.4   2.70   1.4   0.0
  2 2002 333  17891  23.0  31.0   2.73   1.2   0.0
  2 2002 334  16667  23.0  31.1   2.72   1.0   0.3
  2 2002 335  13787  22.2  30.0   2.73   1.1   1.8
  2 2002 336  12491  24.2  30.5   3.03   1.2   0.2
  2 2002 337  11051  24.3  31.0   2.88   1.0   4.0
  2 2002 338  19942  24.1  32.5   3.02   1.4   0.3
  2 2002 339   3960  24.5  27.3   2.96   0.8   7.6
  2 2002 340  20518  24.1  31.9   2.95   1.2   1.4
  2 2002 341  21958  22.5  32.0   2.87   1.3   0.0
  2 2002 342  15947  22.7  31.6   2.74   0.9   0.0
  2 2002 343  16559  23.5  30.5   2.74   1.2   5.7
  2 2002 344   9107  23.0  28.5   2.65   1.7   2.7
  2 2002 345  10187  23.1  29.0   2.38   1.5   0.0
  2 2002 346  17171  23.1  30.5   2.56   1.2   0.0
  2 2002 347  10331  23.0  28.7   2.66   1.4   2.8
  2 2002 348   7091  22.5  27.4   2.75   1.1  31.7
  2 2002 349   9827  22.6  30.0   2.80   1.3   1.1
  2 2002 350  10439  23.9  29.1   2.83   1.4   4.0
  2 2002 351  12851  23.3  30.0   2.60   1.6   0.2
  2 2002 352  17171  23.5  31.0   2.75   1.5   0.0
  2 2002 353  16199  23.5  31.7   2.92   1.0   0.0
  2 2002 354  16451  23.7  33.0   2.93   0.8   0.0
  2 2002 355  18251  23.5  32.7   2.97   0.8   0.0
  2 2002 356  21598  24.9  32.0   2.90   1.2   1.2
  2 2002 357  15587  24.0  32.1   2.96   1.1   0.0
  2 2002 358  10691  25.0  30.0   2.85   1.1   1.5
  2 2002 359  18503  24.4  31.6   2.96   1.3   1.8
  2 2002 360  14039  24.1  30.8   2.93   1.2   3.0
  2 2002 361  15587  24.0  31.1   2.90   0.9   0.0
  2 2002 362  20662  22.8  31.6   2.82   1.1   0.0
  2 2002 363  21598  22.0  32.5   2.81   0.9   0.0
  2 2002 364  21490  21.0  32.8   2.88   0.7   0.0
  2 2002 365  21490  20.8  33.0   2.67   1.2   0.0
";}}s:13:"result_object";a:1:{i:0;O:8:"stdClass":9:{s:2:"id";s:2:"33";s:7:"country";s:11:"Philippines";s:12:"station_code";s:1:"2";s:12:"country_code";s:4:"phil";s:13:"site_latitude";N;s:14:"site_longitude";N;s:13:"site_altitude";N;s:4:"year";s:4:"2002";s:4:"data";s:19813:"*-----------------------------------------------------------
*  Station Name: IRDR0002    IRRI Dryland Site, Los Banos, Laguna
*  Author      : Climate Unit, IRRI    -99.: nil value
*  Source      : International Rice Research Institute (IRRI)
*
*  Comments    : This file is extracted from CLICOM database.
*  Longitude:  121 15 E   Latitude:  14 13 N   Altitude: 23.0 m
*
*  Column    Daily Value
*     1      Station number
*     2      Year
*     3      Day
*     4      irradiance         KJ m-2 d-1
*     5      min temperature            oC
*     6      max temperature            oC
*     7      vapor pressure            kPa
*     8      mean wind speed         m s-1
*     9      precipitation          mm d-1
*-----------------------------------------------------------
121.25  14.22  23.0  0.00  0.00
  2 2002   1  14147  23.0  29.9   2.63   1.1   1.0
  2 2002   2   9611  21.8  27.6   2.61   1.9   0.2
  2 2002   3  13571  22.5  27.5   2.29   2.3   0.0
  2 2002   4  18970  21.5  27.6   2.01   1.9   0.0
  2 2002   5  18143  19.5  28.5   2.05   1.7   0.0
  2 2002   6  14291  19.4  29.1   2.37   1.8   0.0
  2 2002   7  17423  21.5  28.6   2.31   1.8   0.0
  2 2002   8  19942  20.7  27.8   1.95   2.7   0.0
  2 2002   9  19582  22.9  29.0   1.98   2.4   0.0
  2 2002  10  18719  20.2  28.6   2.06   1.6   0.0
  2 2002  11  19798  19.5  29.5   2.10   1.7   0.0
  2 2002  12  13571  19.9  28.6   2.21   1.8   0.0
  2 2002  13  18611  22.6  31.5   2.48   1.0   0.0
  2 2002  14  12491  20.0  30.5   2.58   1.4   0.0
  2 2002  15  16451  23.7  31.5   2.66   1.7   1.6
  2 2002  16  14147  23.7  29.0   2.83   1.5   0.3
  2 2002  17  16667  24.0  31.1   2.77   1.5   0.0
  2 2002  18  22318  24.9  31.5   2.68   1.7   0.0
  2 2002  19  24010  22.6  32.0   2.62   1.7   0.0
  2 2002  20  23182  21.5  31.2   2.46   1.7   0.0
  2 2002  21  24118  21.8  31.5   2.52   1.6   0.0
  2 2002  22  17531  22.9  29.4   2.49   2.3   0.0
  2 2002  23  14759  23.1  29.5   2.30   2.2   0.2
  2 2002  24  10331  22.4  28.0   2.49   2.4   0.2
  2 2002  25  19222  23.1  31.5   2.52   1.9   0.0
  2 2002  26  11159  23.0  28.4   2.95   1.2   0.6
  2 2002  27  24262  22.8  31.6   2.66   1.9   0.0
  2 2002  28  24478  22.3  31.7   2.43   1.8   0.0
  2 2002  29  21130  21.5  30.4   2.45   2.0   0.0
  2 2002  30  19942  23.1  29.5   2.37   2.0   0.0
  2 2002  31   9107  22.2  26.5   2.41   1.7  10.0
  2 2002  32  16919  22.0  29.6   2.49   1.5   0.0
  2 2002  33  24622  20.0  29.8   2.12   1.6   0.0
  2 2002  34  24370  20.0  30.0   2.22   1.8   0.0
  2 2002  35  23398  19.4  30.8   2.16   1.4   0.0
  2 2002  36  23542  21.1  31.0   2.34   1.4   0.0
  2 2002  37  21742  22.0  31.1   2.42   1.9   0.0
  2 2002  38  13931  23.4  30.0   2.41   1.7   0.4
  2 2002  39   8891  23.0  28.5   2.75   0.9   5.0
  2 2002  40  11519  23.7  29.0   2.85   1.1   0.0
  2 2002  41  23038  23.0  32.2   2.65   1.3   0.0
  2 2002  42   6120  22.5  25.6   2.60   1.2   2.1
  2 2002  43   9827  22.6  27.9   2.53   1.6   0.0
  2 2002  44  10799  22.3  28.4   2.44   1.7   0.0
  2 2002  45  22678  22.5  30.4   2.33   2.4   1.9
  2 2002  46  21130  21.6  28.9   2.28   2.2   1.0
  2 2002  47  18503  22.9  29.5   2.08   2.1   0.0
  2 2002  48  22930  22.5  30.6   2.24   1.9   0.0
  2 2002  49  21742  23.0  30.1   2.31   2.3   0.0
  2 2002  50  17423  22.4  29.6   2.22   2.8   0.0
  2 2002  51  11519  23.2  27.5   2.09   2.7   0.0
  2 2002  52  13319  21.5  29.0   2.08   2.8   0.0
  2 2002  53  18611  22.5  30.5   2.28   1.8   0.0
  2 2002  54  20302  24.0  32.0   2.50   1.7   0.0
  2 2002  55  23758  23.2  32.1   2.61   1.9   0.0
  2 2002  56  19942  24.0  32.1   2.55   2.1   0.0
  2 2002  57  20878  23.2  31.9   2.46   1.8   0.0
  2 2002  58  23902  21.8  32.0   2.41   1.7   0.0
  2 2002  59  19222  22.4  31.1   2.36   1.8   0.0
  2 2002  60  22318  20.5  30.4   2.20   2.0   0.0
  2 2002  61  11051  21.0  29.1   2.30   1.7   0.4
  2 2002  62  17171  22.5  30.6   2.45   2.0   0.0
  2 2002  63  25558  22.5  30.6   2.08   2.0   0.0
  2 2002  64  27142  21.6  32.6   2.34   1.3   0.0
  2 2002  65  24982  21.7  33.0   2.33   1.3   0.0
  2 2002  66  16451  22.0  30.4   2.52   2.6   0.0
  2 2002  67  17639  22.5  29.0   2.32   2.5   0.0
  2 2002  68  17531  21.0  29.0   2.12   2.1   0.0
  2 2002  69  21742  21.4  30.8   2.46   2.3   0.0
  2 2002  70  13679  22.5  29.0   2.36   2.0   0.0
  2 2002  71   9827  23.8  29.1   2.58   1.1   5.2
  2 2002  72  13571  23.9  29.6   2.83   1.3   0.0
  2 2002  73  20518  23.9  32.2   2.73   1.3   0.0
  2 2002  74  24262  21.8  33.4   2.62   1.4   0.0
  2 2002  75  23542  22.2  33.5   2.69   1.8   0.0
  2 2002  76  26638  24.4  33.2   2.78   2.4   0.0
  2 2002  77  24478  24.0  32.8   2.56   2.7   0.0
  2 2002  78  12491  23.8  29.7   2.41   2.3   0.2
  2 2002  79  17063  23.4  30.4   2.53   2.2   0.1
  2 2002  80  24622  23.3  33.0   2.49   2.2   0.0
  2 2002  81  16667  23.0  31.7   2.62   1.9   0.0
  2 2002  82  10907  25.5  29.4   2.88   1.2  18.0
  2 2002  83  18359  23.0  34.0   2.91   1.7   0.0
  2 2002  84  21598  25.4  34.4   3.05   1.5   0.0
  2 2002  85  17423  23.5  32.5   2.76   1.3   0.0
  2 2002  86  24838  24.0  34.0   2.88   1.7   0.0
  2 2002  87  28582  22.6  34.5   2.56   1.9   0.0
  2 2002  88  27862  22.7  35.8   2.79   1.6   0.0
  2 2002  89  29050  20.5  34.6   2.56   1.7   0.0
  2 2002  90  27142  22.5  34.2   2.51   2.0   0.0
  2 2002  91  26530  23.0  34.0   2.54   2.2   0.0
  2 2002  92  25810  22.8  33.8   2.60   1.5   0.0
  2 2002  93  24838  20.5  34.5   2.51   1.5   0.0
  2 2002  94  25918  21.3  35.3   2.53   1.3   0.0
  2 2002  95  21850  23.4  33.8   2.63   1.6   0.0
  2 2002  96  24838  22.9  34.8   2.51   1.4   0.0
  2 2002  97  25918  24.0  35.0   2.75   1.8   0.0
  2 2002  98  25342  24.0  34.5   2.68   1.9   0.0
  2 2002  99  26638  24.4  34.5   2.70   2.1   0.0
  2 2002 100  26890  24.3  34.6   2.73   2.3   0.0
  2 2002 101  26890  23.8  34.5   2.50   2.2   0.0
  2 2002 102  25342  24.0  34.5   2.66   2.1   0.0
  2 2002 103  27142  24.0  33.5   2.54   2.7   0.0
  2 2002 104  17423  23.7  32.0   2.63   2.0   1.6
  2 2002 105  17783  25.1  34.0   3.12   1.5   4.4
  2 2002 106  26530  25.5  34.5   2.82   2.2   0.0
  2 2002 107  16667  24.5  32.5   2.70   1.6   0.7
  2 2002 108  19078  25.0  34.5   2.85   2.2   0.0
  2 2002 109  27862  25.5  35.0   2.84   2.4   0.0
  2 2002 110  24370  25.6  35.5   2.84   2.2   0.0
  2 2002 111  20878  25.2  34.6   2.81   2.1   0.0
  2 2002 112  18251  24.5  33.7   2.76   2.3   0.4
  2 2002 113  27970  25.6  35.7   2.89   2.6   0.0
  2 2002 114  22318  24.5  34.0   2.60   2.1   0.0
  2 2002 115  21490  25.2  35.2   2.78   1.9   0.0
  2 2002 116  19582  25.0  33.1   2.66   2.2   0.0
  2 2002 117  22102  24.2  34.6   2.57   2.2   0.6
  2 2002 118  25450  24.4  35.0   2.89   2.4   0.0
  2 2002 119  26782  25.0  34.5   2.64   2.4   0.0
  2 2002 120  25918  25.3  34.5   2.76   2.4   0.0
  2 2002 121  26638  24.6  35.2   2.75   2.3   0.0
  2 2002 122  25450  25.6  34.8   2.69   2.5   0.0
  2 2002 123  25918  25.7  35.1   2.87   2.7   0.0
  2 2002 124  29554  25.1  35.2   2.81   2.7   0.0
  2 2002 125  26422  26.4  34.2   2.75   2.5   0.0
  2 2002 126  26170  24.5  35.0   2.71   2.3   0.0
  2 2002 127  26782  25.0  35.8   2.66   2.2   0.0
  2 2002 128  27718  24.5  35.0   2.74   2.3   1.0
  2 2002 129   8891  26.0  31.0   3.10   1.5   6.8
  2 2002 130  24262  25.9  36.3   2.99   2.1   0.0
  2 2002 131  29410  24.5  36.7   2.96   1.9   0.0
  2 2002 132  27610  25.7  36.2   2.97   2.2   0.0
  2 2002 133  26998  24.0  36.0   2.96   1.9   0.0
  2 2002 134  26062  25.7  36.5   2.99   1.4   0.0
  2 2002 135  19942  25.7  36.7   3.02   1.6   7.2
  2 2002 136  16811  25.0  35.2   3.29   1.2  24.0
  2 2002 137  21742  24.8  34.0   2.95   1.2   0.0
  2 2002 138  17999  24.5  34.0   3.07   1.5   9.2
  2 2002 139  19690  24.0  34.2   3.06   1.7   2.3
  2 2002 140  16307  25.0  34.5   3.25   1.2   1.3
  2 2002 141  14147  25.5  33.7   3.04   1.5   8.8
  2 2002 142  12599  25.5  34.0   3.15   1.0   2.2
  2 2002 143  17999  23.3  32.8   3.03   1.1  13.8
  2 2002 144  25450  23.0  34.0   2.80   1.5   0.0
  2 2002 145  24730  24.3  35.0   3.21   1.9   0.0
  2 2002 146  18970  25.1  34.0   3.16   2.0   0.8
  2 2002 147  18143  23.7  32.7   3.06   1.6   1.6
  2 2002 148  16451  24.5  33.9   3.03   0.9   8.2
  2 2002 149  13931  24.6  32.6   3.17   1.0   8.8
  2 2002 150  27610  23.6  33.7   3.00   1.6  15.3
  2 2002 151  24478  24.2  34.4   3.26   1.4   0.0
  2 2002 152  13319  24.6  31.1   2.98   1.3  15.0
  2 2002 153  19690  24.2  33.8   3.03   1.5   0.0
  2 2002 154  25702  24.0  35.5   3.03   1.7   0.0
  2 2002 155  20878  24.5  33.6   3.06   1.9   0.0
  2 2002 156  21130  25.0  35.2   3.02   1.1   0.0
  2 2002 157  21022  23.5  35.2   2.94   1.6   0.0
  2 2002 158  22930  24.5  35.5   3.09   1.5   0.0
  2 2002 159  25810  24.0  36.5   3.04   1.7   0.0
  2 2002 160  16919  23.3  34.2   2.85   1.0   0.5
  2 2002 161  26890  23.0  35.5   3.01   1.8   0.0
  2 2002 162  27718  24.1  36.5   2.92   1.8   0.0
  2 2002 163  24010  26.0  36.1   3.08   2.0   0.0
  2 2002 164  24118  25.4  35.7   3.00   1.7   0.0
  2 2002 165  25342  24.8  35.5   3.01   1.5   0.0
  2 2002 166  25090  25.0  35.2   3.02   1.5   0.0
  2 2002 167  19078  25.5  35.3   3.04   1.1   0.6
  2 2002 168  18862  25.5  34.6   2.80   1.0   0.0
  2 2002 169  19690  24.0  35.5   3.10   1.1   3.2
  2 2002 170  17783  23.5  33.5   2.97   1.2  21.6
  2 2002 171  11627  25.0  29.6   3.10   2.4   9.8
  2 2002 172  16451  24.0  31.5   2.93   2.3   0.3
  2 2002 173  23038  24.6  32.5   3.16   2.7   0.0
  2 2002 174  23290  23.0  35.5   3.07   1.2   0.1
  2 2002 175  26890  26.0  35.8   2.92   1.4   0.0
  2 2002 176  24838  23.5  35.6   3.05   1.5   0.0
  2 2002 177  22462  24.7  35.1   3.09   1.7   0.0
  2 2002 178  18251  25.0  33.5   3.03   1.2   0.8
  2 2002 179  20878  24.1  33.3   2.94   1.4  26.8
  2 2002 180  25702  24.8  34.0   2.92   1.2   0.0
  2 2002 181  26422  24.0  35.6   3.05   1.3   0.0
  2 2002 182  24622  24.2  36.5   3.13   1.5   0.1
  2 2002 183  17531  24.1  33.8   3.09   3.3   2.5
  2 2002 184  10691  26.2  31.5   2.84   4.2  24.9
  2 2002 185  14291  24.2  31.5   2.97   3.1   0.0
  2 2002 186  11159  25.0  30.5   2.84   2.3  32.2
  2 2002 187   2988  24.5  26.5   2.99   2.4  60.8
  2 2002 188   7451  24.0  29.8   2.94   4.2  18.2
  2 2002 189  11987  24.6  31.1   2.96   4.9  13.0
  2 2002 190  17891  26.0  31.9   3.09   5.2   2.2
  2 2002 191  16559  27.6  31.7   3.15   4.6   1.6
  2 2002 192  20518  26.2  32.1   3.05   4.4   0.4
  2 2002 193  10907  25.0  32.0   3.11   2.7  40.5
  2 2002 194   4536  24.0  26.9   2.96   1.8  92.0
  2 2002 195   3816  23.5  26.5   2.82   2.5  21.5
  2 2002 196  19942  23.5  32.0   2.98   1.2   0.0
  2 2002 197  27358  22.5  32.8   2.98   1.3   0.0
  2 2002 198  27610  23.0  33.6   3.12   1.2   0.0
  2 2002 199  26170  23.4  34.0   3.12   1.3   0.0
  2 2002 200  16811  24.0  33.1   2.99   1.4  26.4
  2 2002 201   2988  23.5  25.5   2.92   4.2 138.7
  2 2002 202  11627  23.0  29.2   2.65   2.4   0.8
  2 2002 203  16811  23.5  30.7   2.75   3.2   4.7
  2 2002 204  20050  23.8  32.1   2.80   2.1   7.5
  2 2002 205  12851  23.7  31.7   3.01   1.7  85.0
  2 2002 206   6731  23.7  29.5   2.99   2.2  26.5
  2 2002 207   7307  23.5  28.6   2.75   2.3   7.6
  2 2002 208  23182  23.0  32.2   2.85   1.4   0.0
  2 2002 209  26062  22.5  33.1   2.97   1.9   0.0
  2 2002 210  24010  23.4  33.5   2.84   1.0   0.0
  2 2002 211  20158  23.5  33.6   3.01   1.4  16.3
  2 2002 212  17783  22.1  32.9   2.78   2.2   0.0
  2 2002 213  13931  24.5  31.0   2.77   3.3   5.6
  2 2002 214   9827  23.7  31.0   2.60   2.7   4.8
  2 2002 215  16811  22.5  32.2   2.84   1.7   0.0
  2 2002 216  16451  24.5  31.6   2.96   1.4   0.0
  2 2002 217  26998  23.5  33.5   2.88   1.7   0.0
  2 2002 218  20518  23.6  33.4   3.09   1.0   9.5
  2 2002 219  18251  23.3  32.9   3.25   0.7   4.7
  2 2002 220  18970  23.5  32.2   3.08   0.9   2.3
  2 2002 221  15587  23.5  31.8   3.03   0.9   4.1
  2 2002 222  22678  24.8  33.7   3.02   1.1   1.4
  2 2002 223  20662  24.5  34.0   3.16   1.2   0.0
  2 2002 224   3456  24.0  28.6   3.01   1.1  33.0
  2 2002 225   7091  24.8  27.8   2.99   0.9  53.6
  2 2002 226  14147  24.2  30.5   3.00   1.9  22.5
  2 2002 227  10691  24.2  30.5   3.06   0.8  51.1
  2 2002 228   9971  24.1  29.5   2.99   1.7   0.2
  2 2002 229  13067  24.5  30.5   2.78   1.5   2.4
  2 2002 230  14039  24.5  32.0   2.99   1.6   0.0
  2 2002 231  24370  23.1  33.5   2.80   1.4   0.0
  2 2002 232  21382  23.4  33.4   2.95   1.2   0.8
  2 2002 233  15587  25.0  31.5   3.04   0.7   0.1
  2 2002 234  21022  22.5  33.7   2.91   1.0   0.0
  2 2002 235  28474  23.5  34.3   3.03   0.9   4.5
  2 2002 236  22570  24.5  34.0   3.21   1.1   1.8
  2 2002 237  19330  23.2  33.8   3.03   1.0   0.2
  2 2002 238  23182  23.6  33.6   2.98   1.2   6.6
  2 2002 239  23038  22.2  33.4   3.03   0.9   0.0
  2 2002 240  23038  23.3  34.0   2.94   1.3   0.0
  2 2002 241  19690  24.0  34.0   3.21   1.3   0.0
  2 2002 242  16199  23.1  33.5   3.14   1.0   0.0
  2 2002 243  28906  23.5  32.7   3.03   1.2   0.0
  2 2002 244  23758  21.0  33.5   2.60   1.1   0.0
  2 2002 245  27502  22.2  34.5   3.05   1.5   0.0
  2 2002 246  24730  23.5  34.5   2.94   1.4   0.0
  2 2002 247  17423  23.5  34.0   2.86   1.1  13.8
  2 2002 248  13319  24.0  33.0   3.08   1.8   9.2
  2 2002 249  11627  24.1  31.0   2.90   2.3  10.6
  2 2002 250  11987  24.8  29.6   2.91   2.8  18.7
  2 2002 251   9251  23.9  30.6   2.85   1.3   8.0
  2 2002 252  15839  23.9  31.0   3.12   2.3   2.5
  2 2002 253  17279  25.0  31.6   2.90   1.7   0.1
  2 2002 254  10691  24.2  31.8   3.03   0.8  17.8
  2 2002 255  14147  23.2  30.6   2.94   0.8   5.1
  2 2002 256  22678  23.5  32.5   3.05   1.0   8.5
  2 2002 257  18143  24.0  32.5   2.91   1.0  18.4
  2 2002 258  21598  21.8  32.6   2.68   1.4  14.9
  2 2002 259  22318  22.4  33.0   2.79   1.6   0.0
  2 2002 260  11519  24.0  31.0   2.85   1.2  12.9
  2 2002 261  17639  23.8  31.5   2.75   1.3   0.0
  2 2002 262  18251  22.5  31.5   3.10   1.2   1.4
  2 2002 263  13931  23.1  31.0   2.94   0.7   0.2
  2 2002 264  19942  23.0  32.5   3.01   1.2   0.0
  2 2002 265  20518  22.5  33.0   2.89   1.0   0.2
  2 2002 266  14399  24.4  32.0   3.02   0.9  25.4
  2 2002 267  23758  22.2  33.0   2.92   0.7   0.0
  2 2002 268  21130  24.0  33.0   2.95   0.8   0.0
  2 2002 269  18143  23.6  32.5   3.03   0.8   0.0
  2 2002 270  25918  24.6  34.2   3.05   1.0   0.0
  2 2002 271  20302  25.5  31.8   3.06   1.2   0.3
  2 2002 272  12347  24.5  31.8   3.13   0.9  36.7
  2 2002 273  21382  23.6  32.4   2.91   0.7   0.2
  2 2002 274  19438  25.0  31.7   2.97   0.9   0.2
  2 2002 275  25918  24.5  32.7   3.02   1.2   0.0
  2 2002 276  16919  24.9  32.2   3.06   1.2   0.3
  2 2002 277   7199  25.2  29.6   3.07   0.8  17.7
  2 2002 278  13787  24.2  30.0   3.06   0.7   2.2
  2 2002 279   9467  24.2  30.0   3.11   0.5   2.2
  2 2002 280  20878  24.6  34.2   3.15   0.7  21.0
  2 2002 281  23038  24.5  34.7   3.20   0.8  30.9
  2 2002 282  17063  23.5  32.2   3.16   0.8  21.3
  2 2002 283  27610  23.8  34.1   3.15   0.9  27.8
  2 2002 284  24730  23.7  33.7   3.00   0.8   3.6
  2 2002 285  21958  24.0  33.4   3.10   1.0   0.5
  2 2002 286  17171  24.4  31.2   3.00   0.6   0.0
  2 2002 287  18503  23.2  32.1   3.03   0.8   0.0
  2 2002 288  10691  25.3  31.5   3.02   0.9  13.0
  2 2002 289   6120  23.8  27.5   2.85   0.7   3.7
  2 2002 290  18251  23.7  32.7   2.93   0.8   0.9
  2 2002 291  19222  24.3  32.2   2.99   0.7   1.6
  2 2002 292  24838  24.2  34.4   3.17   0.5   0.0
  2 2002 293  26998  23.6  33.6   3.18   0.9   0.0
  2 2002 294  18970  23.9  32.5   3.15   1.1   0.2
  2 2002 295  24982  23.9  33.6   3.24   1.2   0.0
  2 2002 296  24838  24.2  34.0   3.18   1.2   0.0
  2 2002 297  24622  24.5  34.2   3.13   1.1   0.0
  2 2002 298  21958  23.9  33.1   3.12   1.3   0.4
  2 2002 299  21382  25.0  33.0   3.08   1.2   2.1
  2 2002 300  10439  24.6  30.5   2.94   0.8   0.8
  2 2002 301  17999  24.0  30.7   2.98   1.3  23.6
  2 2002 302  20518  23.4  31.5   2.84   1.1   0.0
  2 2002 303  19690  24.1  32.0   3.12   0.8   0.0
  2 2002 304  20302  24.0  33.1   3.07   0.5   0.0
  2 2002 305  24262  24.2  34.0   3.14   0.6   0.0
  2 2002 306  21850  24.1  33.4   3.11   1.0   4.8
  2 2002 307   4176  25.5  27.5   3.16   0.9  14.0
  2 2002 308   5616  23.9  28.0   2.74   1.3  43.2
  2 2002 309   7559  23.5  28.6   2.76   1.1   3.2
  2 2002 310  14399  23.4  30.5   2.78   1.2   0.6
  2 2002 311   9611  24.1  29.0   2.84   0.9   0.0
  2 2002 312  17423  24.2  33.0   2.88   0.8   0.2
  2 2002 313  11879  24.5  32.0   2.98   1.2  25.6
  2 2002 314   8279  24.6  28.6   2.89   1.0   0.0
  2 2002 315  21958  23.2  32.4   2.80   1.4   0.9
  2 2002 316  15227  25.1  31.5   3.16   1.0   0.8
  2 2002 317  18719  24.6  33.0   3.10   1.0   0.4
  2 2002 318  19438  23.6  33.7   2.95   0.8   0.0
  2 2002 319  25090  24.0  33.8   2.91   1.0   0.0
  2 2002 320  14399  25.5  33.5   3.10   1.0   0.0
  2 2002 321  18251  25.5  33.2   3.15   1.2   0.2
  2 2002 322   7451  25.5  30.0   3.09   1.0  10.4
  2 2002 323   7667  24.6  28.0   2.99   0.9   3.0
  2 2002 324  15479  25.0  31.0   3.07   1.1  13.2
  2 2002 325  16091  24.5  31.5   3.14   1.0   2.6
  2 2002 326   8891  24.0  29.5   3.00   0.7   3.0
  2 2002 327  19078  22.9  31.5   2.77   0.9   0.0
  2 2002 328  18719  21.8  32.0   2.74   1.0   0.0
  2 2002 329   7091  24.0  27.8   2.58   1.0   0.0
  2 2002 330  10799  24.2  28.6   2.69   1.3  12.5
  2 2002 331   5148  22.8  27.2   2.71   0.9  13.6
  2 2002 332  18143  23.1  30.4   2.70   1.4   0.0
  2 2002 333  17891  23.0  31.0   2.73   1.2   0.0
  2 2002 334  16667  23.0  31.1   2.72   1.0   0.3
  2 2002 335  13787  22.2  30.0   2.73   1.1   1.8
  2 2002 336  12491  24.2  30.5   3.03   1.2   0.2
  2 2002 337  11051  24.3  31.0   2.88   1.0   4.0
  2 2002 338  19942  24.1  32.5   3.02   1.4   0.3
  2 2002 339   3960  24.5  27.3   2.96   0.8   7.6
  2 2002 340  20518  24.1  31.9   2.95   1.2   1.4
  2 2002 341  21958  22.5  32.0   2.87   1.3   0.0
  2 2002 342  15947  22.7  31.6   2.74   0.9   0.0
  2 2002 343  16559  23.5  30.5   2.74   1.2   5.7
  2 2002 344   9107  23.0  28.5   2.65   1.7   2.7
  2 2002 345  10187  23.1  29.0   2.38   1.5   0.0
  2 2002 346  17171  23.1  30.5   2.56   1.2   0.0
  2 2002 347  10331  23.0  28.7   2.66   1.4   2.8
  2 2002 348   7091  22.5  27.4   2.75   1.1  31.7
  2 2002 349   9827  22.6  30.0   2.80   1.3   1.1
  2 2002 350  10439  23.9  29.1   2.83   1.4   4.0
  2 2002 351  12851  23.3  30.0   2.60   1.6   0.2
  2 2002 352  17171  23.5  31.0   2.75   1.5   0.0
  2 2002 353  16199  23.5  31.7   2.92   1.0   0.0
  2 2002 354  16451  23.7  33.0   2.93   0.8   0.0
  2 2002 355  18251  23.5  32.7   2.97   0.8   0.0
  2 2002 356  21598  24.9  32.0   2.90   1.2   1.2
  2 2002 357  15587  24.0  32.1   2.96   1.1   0.0
  2 2002 358  10691  25.0  30.0   2.85   1.1   1.5
  2 2002 359  18503  24.4  31.6   2.96   1.3   1.8
  2 2002 360  14039  24.1  30.8   2.93   1.2   3.0
  2 2002 361  15587  24.0  31.1   2.90   0.9   0.0
  2 2002 362  20662  22.8  31.6   2.82   1.1   0.0
  2 2002 363  21598  22.0  32.5   2.81   0.9   0.0
  2 2002 364  21490  21.0  32.8   2.88   0.7   0.0
  2 2002 365  21490  20.8  33.0   2.67   1.2   0.0
";}}s:20:"custom_result_object";a:0:{}s:11:"current_row";i:0;s:8:"num_rows";i:1;s:8:"row_data";N;}