O:12:"CI_DB_result":8:{s:7:"conn_id";N;s:9:"result_id";N;s:12:"result_array";a:1:{i:0;a:9:{s:2:"id";s:2:"34";s:7:"country";s:11:"Philippines";s:12:"station_code";s:1:"2";s:12:"country_code";s:4:"phil";s:13:"site_latitude";N;s:14:"site_longitude";N;s:13:"site_altitude";N;s:4:"year";s:4:"2003";s:4:"data";s:19813:"*-----------------------------------------------------------
*  Station Name: IRDR0002    IRRI Dryland Site, Los Banos, Laguna
*  Author      : Climate Unit, IRRI    -99.: nil value
*  Source      : International Rice Research Institute (IRRI)
*
*  Comments    : This file is extracted from CLICOM database.
*  Longitude:  121 15 E   Latitude:  14 13 N   Altitude: 23.0 m
*
*  Column    Daily Value
*     1      Station number
*     2      Year
*     3      Day
*     4      irradiance         KJ m-2 d-1
*     5      min temperature            oC
*     6      max temperature            oC
*     7      vapor pressure            kPa
*     8      mean wind speed         m s-1
*     9      precipitation          mm d-1
*-----------------------------------------------------------
121.25  14.22  23.0  0.00  0.00
  2 2003   1  12239  24.0  29.2   2.53   1.6   0.0
  2 2003   2  17423  23.2  29.1   2.42   2.1   0.0
  2 2003   3  17531  21.4  30.0   2.62   1.6   0.0
  2 2003   4  16919  22.5  29.6   2.37   1.6   1.6
  2 2003   5  10547  22.1  28.5   2.69   2.1   1.2
  2 2003   6  10799  22.5  27.8   2.38   1.8   0.0
  2 2003   7  12599  23.4  30.5   2.73   0.8   0.0
  2 2003   8  17783  23.2  31.0   2.66   1.2   0.2
  2 2003   9  19222  23.6  31.0   2.68   1.6   0.0
  2 2003  10  19582  22.5  30.7   2.70   1.1   0.0
  2 2003  11  14507  23.0  30.0   2.82   1.3   0.0
  2 2003  12  11879  23.4  29.8   2.52   1.7   1.4
  2 2003  13  10187  23.4  28.0   2.58   1.5   0.0
  2 2003  14  11987  23.4  30.2   2.55   1.6   0.4
  2 2003  15   8531  22.5  26.1   2.51   1.7   3.8
  2 2003  16  15947  22.6  29.1   2.25   1.6   0.2
  2 2003  17  17999  20.5  29.6   2.31   1.9   0.4
  2 2003  18  17999  21.8  30.0   2.20   1.6   0.0
  2 2003  19  11051  22.4  29.3   2.50   1.0   1.0
  2 2003  20  21850  21.7  29.5   2.22   1.5   0.0
  2 2003  21  23902  20.5  30.0   2.08   1.5   0.0
  2 2003  22  23758  19.6  31.1   2.42   1.2   0.0
  2 2003  23  21850  19.9  31.0   2.41   1.6   0.0
  2 2003  24  20878  19.9  31.1   2.46   1.5   0.0
  2 2003  25  19798  22.5  31.0   2.43   1.8   0.0
  2 2003  26  23650  21.8  31.5   2.34   1.7   0.0
  2 2003  27  24478  21.5  31.4   2.26   1.3   0.0
  2 2003  28  16667  22.5  30.2   2.44   2.0   0.0
  2 2003  29  20302  22.3  29.5   2.26   3.1   0.0
  2 2003  30  10079  23.6  27.6   2.22   2.1   0.0
  2 2003  31  18719  22.0  29.1   2.12   2.1   0.0
  2 2003  32  17999  21.8  30.7   2.48   1.6   0.0
  2 2003  33  20878  23.0  30.5   2.34   2.2   0.0
  2 2003  34  19078  22.0  29.7   2.34   2.0   0.1
  2 2003  35  16667  22.0  28.5   2.33   2.1   0.0
  2 2003  36  11879  21.8  27.0   2.25   1.9   0.0
  2 2003  37  16199  21.0  29.0   2.20   2.0   0.8
  2 2003  38  18503  21.6  31.0   2.47   2.5   0.0
  2 2003  39  22678  23.2  32.0   2.57   2.4   0.0
  2 2003  40  23650  23.1  31.7   2.54   2.3   0.0
  2 2003  41  22210  23.4  32.0   2.50   2.4   0.6
  2 2003  42  16811  24.0  32.1   2.87   1.7   2.4
  2 2003  43  18251  24.2  31.6   2.83   2.0   0.0
  2 2003  44  24838  24.1  31.8   2.70   2.5   0.0
  2 2003  45  21742  23.1  30.6   2.46   2.7   0.0
  2 2003  46  24622  23.0  31.2   2.53   2.5   0.0
  2 2003  47  23542  23.0  31.5   2.52   2.1   0.0
  2 2003  48  22930  23.2  32.0   2.48   2.0   0.0
  2 2003  49  21850  22.0  32.0   2.37   1.7   0.0
  2 2003  50  23398  22.5  31.5   2.37   1.7   0.0
  2 2003  51  24010  21.5  31.4   2.34   2.1   0.0
  2 2003  52  20158  22.5  31.4   2.48   2.2   0.0
  2 2003  53  19582  23.0  30.2   2.61   2.1   0.0
  2 2003  54  25702  21.7  31.8   2.32   2.0   0.0
  2 2003  55  25558  19.4  32.0   2.38   1.7   0.0
  2 2003  56  19222  21.5  30.5   2.30   2.1   0.1
  2 2003  57  11987  21.0  27.5   2.38   1.9   0.0
  2 2003  58  25558  22.5  31.0   2.43   2.4   0.0
  2 2003  59  24838  22.7  32.3   2.44   2.1   0.0
  2 2003  60  23398  23.0  32.0   2.41   1.7   0.0
  2 2003  61  22210  22.0  32.5   2.47   1.5   0.0
  2 2003  62  23542  20.6  35.1   2.38   1.6   0.0
  2 2003  63  25558  20.6  34.5   2.65   1.2   6.6
  2 2003  64  25702  23.8  33.5   2.84   2.0   0.0
  2 2003  65  22462  24.0  33.0   2.71   1.8   0.0
  2 2003  66  26782  23.1  34.0   2.76   1.7   0.0
  2 2003  67  22210  24.5  34.0   2.64   2.6   0.2
  2 2003  68  15371  23.3  28.6   2.45   2.6   0.0
  2 2003  69  22210  21.5  30.7   2.13   2.4   0.0
  2 2003  70  12707  22.8  29.4   2.14   2.1   0.3
  2 2003  71  15731  22.0  29.6   2.34   2.4   0.0
  2 2003  72  18251  21.8  29.6   2.29   2.6   1.4
  2 2003  73  24370  22.2  31.1   2.46   2.4   0.0
  2 2003  74  21850  22.5  32.0   2.41   2.2   0.1
  2 2003  75  15839  24.5  31.0   2.60   2.0   0.0
  2 2003  76  26890  23.0  32.9   2.62   2.1   0.0
  2 2003  77  21238  23.5  32.7   2.65   1.9   0.0
  2 2003  78  21490  24.1  32.5   2.85   2.0   0.0
  2 2003  79  22822  25.1  32.2   2.75   2.0   0.0
  2 2003  80  22102  24.6  33.0   2.76   1.9   0.1
  2 2003  81  19690  24.0  32.0   2.80   2.1   0.0
  2 2003  82  24838  24.0  34.0   2.60   2.3   0.0
  2 2003  83  26062  23.5  33.2   2.80   2.3   0.0
  2 2003  84  25558  24.3  32.5   2.64   2.8   0.0
  2 2003  85   9827  24.4  31.2   2.60   2.0   1.2
  2 2003  86  25702  23.7  33.0   2.76   2.5   0.0
  2 2003  87  21742  23.7  32.9   2.67   2.0   0.0
  2 2003  88  26422  21.1  33.8   2.62   1.8   0.0
  2 2003  89  26782  23.4  34.1   2.59   2.3   0.0
  2 2003  90  17171  24.0  33.5   2.75   1.6   0.0
  2 2003  91  27862  23.0  34.0   2.58   1.4   0.0
  2 2003  92  25918  21.5  34.8   2.59   1.7   0.0
  2 2003  93  24838  22.8  35.6   2.77   1.6   0.0
  2 2003  94  24982  22.8  36.1   2.87   1.6   0.0
  2 2003  95  25090  22.8  36.0   2.78   1.6   0.0
  2 2003  96  25090  25.9  35.2   2.85   2.0   0.0
  2 2003  97  21850  25.5  34.0   2.83   1.6   0.0
  2 2003  98  22570  24.1  34.1   2.84   1.6   0.0
  2 2003  99  19330  24.6  34.0   2.76   2.1   0.0
  2 2003 100  26998  26.1  35.0   2.79   2.5   0.0
  2 2003 101  26782  25.0  35.0   2.96   2.4   0.0
  2 2003 102  21850  24.5  34.5   2.86   1.8   2.0
  2 2003 103  26530  24.6  36.0   2.96   2.1   0.0
  2 2003 104  23542  23.5  35.2   2.78   1.8   0.0
  2 2003 105  28690  24.0  35.2   2.74   2.4   0.0
  2 2003 106  25810  25.1  35.1   2.82   2.6   0.0
  2 2003 107  27862  25.4  35.0   2.82   2.4   0.0
  2 2003 108  27358  24.5  35.1   2.72   2.0   0.0
  2 2003 109  27718  24.0  35.6   2.70   1.8   0.0
  2 2003 110  25918  23.8  36.4   2.65   1.7   0.0
  2 2003 111  23758  24.0  36.3   2.79   1.9   0.0
  2 2003 112  18611  25.2  35.6   2.82   1.3   0.8
  2 2003 113  21958  24.1  36.5   3.05   1.2   0.0
  2 2003 114  22570  25.2  36.4   3.01   1.2   0.3
  2 2003 115  21022  25.6  36.0   3.00   1.3   0.9
  2 2003 116  27142  25.3  34.6   2.84   2.6   0.0
  2 2003 117  26998  25.0  35.0   2.82   2.7   2.0
  2 2003 118  18359  25.0  32.7   2.97   2.1   4.0
  2 2003 119  24370  25.5  34.5   2.93   2.2   0.0
  2 2003 120  27970  25.0  36.2   2.91   1.6   0.0
  2 2003 121  27502  24.5  35.0   2.77   2.1   0.0
  2 2003 122  28834  26.0  36.2   2.93   1.9   0.0
  2 2003 123  25810  25.2  36.3   2.88   1.6   0.0
  2 2003 124  23542  26.2  36.1   2.96   1.7   0.0
  2 2003 125  26890  26.9  36.2   2.94   1.9   0.0
  2 2003 126  25810  24.5  35.6   2.86   1.8   0.0
  2 2003 127  22678  24.5  35.2   2.99   1.8   0.0
  2 2003 128  27610  26.7  37.0   2.83   2.2   1.0
  2 2003 129  20518  26.5  34.5   3.18   2.5  21.6
  2 2003 130   5256  24.7  29.0   3.01   0.9  13.2
  2 2003 131  19690  25.0  31.6   3.12   2.2   0.0
  2 2003 132  18143  25.8  33.2   3.07   2.4   0.0
  2 2003 133  22318  25.5  32.3   3.03   1.6   6.5
  2 2003 134  24262  25.6  33.6   2.96   1.7   0.0
  2 2003 135  26530  26.5  35.8   3.03   1.2   0.0
  2 2003 136  26062  25.6  36.3   3.32   1.3   0.0
  2 2003 137  19438  24.5  35.2   3.22   1.0   2.5
  2 2003 138  26782  24.0  36.5   3.07   1.6   0.0
  2 2003 139  20410  25.5  35.7   3.23   1.5   0.0
  2 2003 140  23182  25.5  34.6   3.13   1.5   0.0
  2 2003 141  26170  22.6  36.0   2.97   1.6   0.0
  2 2003 142  19942  24.5  36.2   2.93   1.6  13.5
  2 2003 143  18359  23.9  34.2   3.06   1.0  32.8
  2 2003 144  17279  23.6  31.8   2.83   3.0   8.1
  2 2003 145  10691  24.8  30.8   3.03   2.7  15.8
  2 2003 146   7091  24.7  29.6   2.94   3.5  89.4
  2 2003 147   3096  23.5  27.0   3.01   5.3  86.8
  2 2003 148   4068  25.0  28.0   3.00   4.2  49.2
  2 2003 149   5760  24.6  28.5   2.87   2.5  14.6
  2 2003 150   7559  24.2  29.8   2.84   1.6   6.7
  2 2003 151  14651  24.5  31.0   2.95   2.5   4.1
  2 2003 152  12239  24.0  30.6   2.90   2.0   2.0
  2 2003 153  12851  25.0  29.5   2.74   2.0   0.8
  2 2003 154  16667  23.5  32.0   2.98   1.1   0.5
  2 2003 155  22822  22.4  32.7   3.01   0.9   0.0
  2 2003 156  22318  22.3  33.2   2.94   0.8   0.0
  2 2003 157  24118  22.5  34.0   2.93   1.4   8.5
  2 2003 158  26890  22.3  34.0   2.88   1.2   0.0
  2 2003 159  22318  21.5  33.6   2.92   1.1   0.0
  2 2003 160  25918  22.9  34.8   2.97   1.0   0.0
  2 2003 161  27862  22.5  34.0   2.90   1.1   0.0
  2 2003 162  24622  21.0  33.2   2.71   1.0   0.0
  2 2003 163  24010  20.6  33.5   2.78   1.1   0.0
  2 2003 164  26530  22.0  34.5   2.75   1.5   0.0
  2 2003 165  23398  23.4  34.0   3.17   1.7  56.0
  2 2003 166   8279  23.2  30.5   2.98   1.7   1.8
  2 2003 167   4896  24.8  29.0   2.76   3.1   5.4
  2 2003 168   4896  24.8  28.0   2.99   1.0   5.0
  2 2003 169  16307  22.9  32.5   2.86   1.0   0.0
  2 2003 170  19582  24.0  32.0   2.82   1.1   0.0
  2 2003 171  25342  23.6  34.0   2.93   0.9   0.0
  2 2003 172  26278  23.6  33.5   3.07   1.4   6.5
  2 2003 173  22930  23.7  31.7   3.01   1.7   0.0
  2 2003 174  11987  25.6  30.5   3.09   1.9   1.0
  2 2003 175  14147  24.0  31.7   2.92   1.8   0.3
  2 2003 176  17063  24.3  33.5   3.02   0.9   3.4
  2 2003 177  21130  24.6  33.4   3.05   1.3   3.4
  2 2003 178  18359  23.6  33.5   2.75   1.1  15.0
  2 2003 179  16919  24.5  33.5   2.92   1.0   7.4
  2 2003 180  24982  25.1  33.4   2.93   1.5   0.0
  2 2003 181  21490  24.1  32.7   3.03   1.4  19.2
  2 2003 182  23182  24.5  34.0   2.95   1.5   0.3
  2 2003 183  19582  25.5  32.0   3.16   1.5   1.2
  2 2003 184  18862  25.3  33.5   2.92   1.3   0.0
  2 2003 185  20158  25.5  32.7   3.13   1.1   0.0
  2 2003 186  27250  23.5  35.0   3.02   0.9   0.0
  2 2003 187  28942  23.9  35.0   3.07   1.0   0.0
  2 2003 188  16307  24.2  33.6   2.87   0.9   0.0
  2 2003 189  11267  23.8  31.6   2.85   0.7  15.6
  2 2003 190  14291  23.5  32.1   3.01   1.0   8.2
  2 2003 191  14867  24.0  32.0   3.01   0.9   0.7
  2 2003 192  24622  23.5  34.4   3.14   1.3  37.5
  2 2003 193  24982  22.7  33.5   2.85   1.2   0.0
  2 2003 194  24982  25.3  33.6   3.05   1.3   0.0
  2 2003 195  25450  25.5  34.2   3.10   0.8  23.4
  2 2003 196  22570  24.7  34.0   2.97   1.1   0.2
  2 2003 197  25918  23.5  35.0   3.05   0.9   2.8
  2 2003 198  20158  24.4  33.0   3.01   1.4  11.2
  2 2003 199  12959  25.0  32.5   3.16   2.9  10.8
  2 2003 200  16667  25.1  31.5   3.12   2.0  97.2
  2 2003 201  19942  24.0  33.5   3.26   0.9   0.0
  2 2003 202  15371  23.2  32.6   2.91   2.1  57.9
  2 2003 203   4428  24.6  28.5   2.91   4.6  44.8
  2 2003 204   9971  24.4  29.5   3.00   2.1   0.9
  2 2003 205  27862  25.0  33.2   3.06   1.6   0.0
  2 2003 206  26890  23.1  33.5   3.09   1.2  22.0
  2 2003 207  13571  24.2  31.2   3.01   0.9  49.9
  2 2003 208  18611  24.5  31.9   3.09   1.5   0.0
  2 2003 209  26422  23.2  32.8   2.91   1.0   0.0
  2 2003 210  22570  23.0  33.0   2.90   0.8   0.0
  2 2003 211  17891  24.2  32.2   3.05   1.0   2.7
  2 2003 212  24838  23.5  32.7   3.10   0.9   0.0
  2 2003 213  15371  24.5  34.0   3.18   1.0   8.4
  2 2003 214  22678  23.7  33.0   3.07   1.3   0.0
  2 2003 215  16091  24.5  31.2   2.98   1.8   0.0
  2 2003 216  12491  25.4  32.0   3.01   2.3   4.0
  2 2003 217  12131  24.5  30.6   2.95   2.0   1.8
  2 2003 218  12347  26.9  32.5   3.01   2.3   0.0
  2 2003 219  12491  26.0  31.5   2.97   1.1   0.1
  2 2003 220  12239  25.4  32.2   3.13   1.2   0.0
  2 2003 221  24982  25.0  34.5   3.12   1.7   0.0
  2 2003 222  24370  23.9  34.0   2.92   2.0   0.0
  2 2003 223  27862  23.2  35.5   2.89   1.4   0.0
  2 2003 224  24010  23.0  35.7   3.08   1.0   0.2
  2 2003 225  25090  23.4  35.6   3.02   1.0   0.0
  2 2003 226  24478  24.8  34.6   3.09   1.7  43.0
  2 2003 227  19078  23.5  32.7   3.08   1.5   1.6
  2 2003 228   9611  24.0  31.2   3.01   1.1  36.3
  2 2003 229  13571  24.0  32.5   3.01   1.3   4.5
  2 2003 230  18143  25.1  31.0   2.66   3.4   2.3
  2 2003 231   5976  25.0  29.1   2.86   1.9  32.8
  2 2003 232  22462  23.9  33.0   2.93   1.4   0.0
  2 2003 233  24838  24.5  34.0   3.02   1.1   0.0
  2 2003 234   8531  25.4  31.4   2.98   1.9  61.0
  2 2003 235   9359  24.0  29.0   2.86   1.8   0.0
  2 2003 236  13571  24.0  33.2   3.07   1.2  32.7
  2 2003 237  24010  23.4  32.7   2.90   1.3   3.4
  2 2003 238   7199  23.5  30.5   2.90   0.6   0.8
  2 2003 239  16091  24.0  31.5   2.96   1.1   6.3
  2 2003 240  11771  24.0  31.6   2.92   0.9   4.2
  2 2003 241  17171  24.4  31.0   2.87   0.9   0.0
  2 2003 242  22102  24.3  33.0   3.01   1.3   5.3
  2 2003 243  15731  24.6  30.7   2.86   1.7   6.0
  2 2003 244  15587  24.2  30.5   2.99   3.9   4.8
  2 2003 245   2736  26.0  28.5   3.08   1.9  41.4
  2 2003 246   6947  23.0  28.8   2.62   2.1   9.8
  2 2003 247  17531  23.4  31.5   2.95   1.5   6.8
  2 2003 248  19942  22.6  31.5   2.83   1.0   0.0
  2 2003 249  19078  23.2  32.2   2.75   0.8  14.6
  2 2003 250  24118  23.0  32.6   3.13   1.1   0.0
  2 2003 251  13211  24.5  30.5   3.01   1.2  32.6
  2 2003 252  15011  23.4  31.1   2.89   1.3   6.4
  2 2003 253  13787  24.0  32.0   2.97   1.0   8.2
  2 2003 254  20410  24.2  31.9   2.87   1.4   0.0
  2 2003 255  20050  24.1  31.2   2.95   1.5   0.0
  2 2003 256  11267  24.0  30.4   3.00   0.9   0.0
  2 2003 257  17279  24.4  33.0   3.06   0.9  10.7
  2 2003 258  23542  23.0  33.7   3.03   0.9   0.6
  2 2003 259   5040  25.2  29.0   3.01   0.4   6.5
  2 2003 260   5148  24.2  28.0   3.10   0.6   2.0
  2 2003 261   7559  24.5  28.7   3.07   2.5   1.2
  2 2003 262  17423  24.2  31.7   2.88   1.7   6.5
  2 2003 263  23290  23.7  32.0   2.88   1.0   0.1
  2 2003 264  16451  23.8  33.0   3.04   0.8  20.3
  2 2003 265  19798  23.9  32.5   3.11   0.9   0.5
  2 2003 266  17783  23.2  33.5   2.99   0.7  29.4
  2 2003 267  22318  23.6  33.5   3.03   0.8   0.0
  2 2003 268  19582  24.5  34.0   3.22   0.9   1.2
  2 2003 269  24262  23.5  33.6   3.07   1.0   1.4
  2 2003 270  16811  25.6  33.1   3.21   0.8  12.7
  2 2003 271  18143  24.0  32.8   3.01   0.8   5.2
  2 2003 272  21130  23.5  32.4   2.79   1.4  10.4
  2 2003 273  17279  23.8  32.1   2.93   1.3   0.0
  2 2003 274  12707  25.1  31.7   2.80   1.0   0.3
  2 2003 275  20518  25.2  32.5   2.91   1.4   0.0
  2 2003 276  17171  24.5  31.0   2.79   1.4   0.0
  2 2003 277  25450  24.1  33.7   2.92   1.2   0.0
  2 2003 278  24370  23.5  34.6   3.09   1.3   0.0
  2 2003 279  21742  24.3  34.0   3.18   1.5   0.0
  2 2003 280  21022  24.5  35.0   3.13   0.8   9.6
  2 2003 281  22210  23.5  35.5   3.17   0.6   0.0
  2 2003 282  23542  24.0  34.0   3.04   1.1   0.4
  2 2003 283  19222  25.0  34.2   3.06   1.3   0.0
  2 2003 284  10907  25.6  32.2   3.04   0.7   0.0
  2 2003 285  12707  24.0  33.0   3.06   0.9   0.0
  2 2003 286  20410  24.5  33.5   3.06   1.3   0.0
  2 2003 287  16199  25.5  32.7   3.05   1.3  28.0
  2 2003 288   6587  23.9  29.5   2.84   0.9  11.2
  2 2003 289  14507  24.0  31.5   3.15   0.8  21.2
  2 2003 290  10907  23.5  30.0   2.82   0.8   2.0
  2 2003 291  22930  23.8  32.0   2.60   1.2   0.0
  2 2003 292  22318  22.8  32.2   2.72   1.2   0.0
  2 2003 293  19654  22.5  33.0   2.76   0.8   0.0
  2 2003 294  14651  23.5  32.0   2.79   0.9   0.0
  2 2003 295  15479  23.0  32.5   2.86   1.1   0.0
  2 2003 296  11771  24.4  30.0   2.74   1.3   0.0
  2 2003 297  14039  25.0  30.7   2.55   1.3   0.0
  2 2003 298  18251  22.5  31.1   2.50   1.5   0.0
  2 2003 299  19078  23.1  31.4   2.48   1.6   0.0
  2 2003 300  20302  23.0  32.0   2.59   1.5   0.0
  2 2003 301  11159  23.5  29.7   2.62   1.3   8.2
  2 2003 302  14147  23.5  30.5   2.71   2.1   0.0
  2 2003 303  18251  24.0  31.5   2.54   1.3   0.0
  2 2003 304  17423  23.0  33.2   2.94   1.2   0.0
  2 2003 305  13931  24.5  31.1   3.00   2.1   0.0
  2 2003 306  22570  21.7  34.1   2.86   0.8   0.0
  2 2003 307  20770  22.0  34.1   3.05   1.2  22.2
  2 2003 308  15587  25.0  32.5   3.03   1.5   0.4
  2 2003 309  18611  24.5  33.1   2.89   1.5  18.0
  2 2003 310  12599  24.2  29.1   3.00   1.3  10.7
  2 2003 311  16667  25.0  31.5   2.93   1.4   2.3
  2 2003 312  13787  24.0  32.1   3.03   1.2   8.5
  2 2003 313  15479  25.0  32.2   2.90   1.4   8.5
  2 2003 314  16091  23.8  31.0   2.95   1.7   8.9
  2 2003 315  12851  24.5  30.6   3.03   1.5   3.4
  2 2003 316   8999  24.4  30.0   2.71   1.6   1.4
  2 2003 317  14759  24.1  31.1   2.78   2.7  21.3
  2 2003 318   3096  23.5  26.0   2.66   2.2  99.6
  2 2003 319  15119  23.5  31.1   2.96   2.8   2.8
  2 2003 320  23290  25.2  32.6   3.08   1.6   0.0
  2 2003 321  18143  23.0  34.0   3.07   1.0  15.3
  2 2003 322  14759  24.3  31.9   2.81   1.2   3.4
  2 2003 323  20518  24.5  31.5   2.88   1.5   7.8
  2 2003 324  16919  23.5  31.1   2.85   1.0   1.5
  2 2003 325  22930  24.0  33.2   3.04   1.2   0.0
  2 2003 326  14759  24.6  30.2   3.16   1.3   1.7
  2 2003 327  14291  24.5  30.5   2.83   1.5   1.0
  2 2003 328  11987  24.2  29.5   2.88   1.2   6.2
  2 2003 329  12707  24.0  29.7   2.97   1.5   5.8
  2 2003 330  12851  24.3  29.8   2.93   1.3   4.2
  2 2003 331  19330  23.0  30.5   2.81   1.5   0.5
  2 2003 332  19942  23.5  31.5   2.64   1.0   0.0
  2 2003 333  20878  22.0  32.2   2.70   0.8   0.0
  2 2003 334  21022  21.5  30.1   2.40   1.1   0.0
  2 2003 335  16559  20.9  29.5   2.60   1.3   0.0
  2 2003 336  19798  21.6  29.5   2.28   1.4   0.8
  2 2003 337  15731  19.5  29.0   2.50   1.7   0.0
  2 2003 338  15947  21.5  30.5   2.25   1.7   0.8
  2 2003 339  19690  23.0  30.1   2.54   1.8   0.1
  2 2003 340  14759  22.8  30.5   2.73   1.6   3.0
  2 2003 341  15947  23.4  29.5   2.65   2.1   0.1
  2 2003 342   9467  23.6  29.2   2.68   1.8   1.0
  2 2003 343  11159  23.0  30.1   2.61   1.9   0.7
  2 2003 344   9107  24.0  28.5   2.73   1.4   0.0
  2 2003 345  17063  24.0  30.5   2.80   1.7   1.4
  2 2003 346   9827  25.0  28.2   2.96   1.5   8.4
  2 2003 347   8747  24.0  28.0   3.01   1.4   6.4
  2 2003 348  10187  23.7  29.0   2.77   2.1   0.0
  2 2003 349   6839  23.5  25.5   2.42   2.3   0.0
  2 2003 350  12707  22.5  26.5   2.22   2.0   0.0
  2 2003 351  11519  21.7  28.5   2.30   1.8   0.0
  2 2003 352  15947  22.9  29.0   2.44   1.7   0.6
  2 2003 353  10907  22.2  27.5   2.28   2.1   0.6
  2 2003 354   7307  22.5  26.7   2.19   3.4   0.0
  2 2003 355  17999  21.6  27.1   1.98   2.7   0.0
  2 2003 356   8171  22.2  27.0   2.26   1.6   0.2
  2 2003 357  12959  21.5  28.0   2.29   1.7   0.5
  2 2003 358  16811  21.5  28.7   2.32   1.6   1.6
  2 2003 359  19798  21.6  29.5   2.42   1.3   0.0
  2 2003 360  15947  21.6  28.2   2.37   1.8   0.0
  2 2003 361   4680  22.2  25.3   2.27   2.7   0.0
  2 2003 362   6731  22.0  25.6   1.99   2.4   0.0
  2 2003 363  14867  21.5  28.5   2.35   2.0   0.0
  2 2003 364   9359  23.0  27.7   2.38   2.0   0.0
  2 2003 365  12131  23.5  29.0   2.60   0.9   0.0
";}}s:13:"result_object";a:1:{i:0;O:8:"stdClass":9:{s:2:"id";s:2:"34";s:7:"country";s:11:"Philippines";s:12:"station_code";s:1:"2";s:12:"country_code";s:4:"phil";s:13:"site_latitude";N;s:14:"site_longitude";N;s:13:"site_altitude";N;s:4:"year";s:4:"2003";s:4:"data";s:19813:"*-----------------------------------------------------------
*  Station Name: IRDR0002    IRRI Dryland Site, Los Banos, Laguna
*  Author      : Climate Unit, IRRI    -99.: nil value
*  Source      : International Rice Research Institute (IRRI)
*
*  Comments    : This file is extracted from CLICOM database.
*  Longitude:  121 15 E   Latitude:  14 13 N   Altitude: 23.0 m
*
*  Column    Daily Value
*     1      Station number
*     2      Year
*     3      Day
*     4      irradiance         KJ m-2 d-1
*     5      min temperature            oC
*     6      max temperature            oC
*     7      vapor pressure            kPa
*     8      mean wind speed         m s-1
*     9      precipitation          mm d-1
*-----------------------------------------------------------
121.25  14.22  23.0  0.00  0.00
  2 2003   1  12239  24.0  29.2   2.53   1.6   0.0
  2 2003   2  17423  23.2  29.1   2.42   2.1   0.0
  2 2003   3  17531  21.4  30.0   2.62   1.6   0.0
  2 2003   4  16919  22.5  29.6   2.37   1.6   1.6
  2 2003   5  10547  22.1  28.5   2.69   2.1   1.2
  2 2003   6  10799  22.5  27.8   2.38   1.8   0.0
  2 2003   7  12599  23.4  30.5   2.73   0.8   0.0
  2 2003   8  17783  23.2  31.0   2.66   1.2   0.2
  2 2003   9  19222  23.6  31.0   2.68   1.6   0.0
  2 2003  10  19582  22.5  30.7   2.70   1.1   0.0
  2 2003  11  14507  23.0  30.0   2.82   1.3   0.0
  2 2003  12  11879  23.4  29.8   2.52   1.7   1.4
  2 2003  13  10187  23.4  28.0   2.58   1.5   0.0
  2 2003  14  11987  23.4  30.2   2.55   1.6   0.4
  2 2003  15   8531  22.5  26.1   2.51   1.7   3.8
  2 2003  16  15947  22.6  29.1   2.25   1.6   0.2
  2 2003  17  17999  20.5  29.6   2.31   1.9   0.4
  2 2003  18  17999  21.8  30.0   2.20   1.6   0.0
  2 2003  19  11051  22.4  29.3   2.50   1.0   1.0
  2 2003  20  21850  21.7  29.5   2.22   1.5   0.0
  2 2003  21  23902  20.5  30.0   2.08   1.5   0.0
  2 2003  22  23758  19.6  31.1   2.42   1.2   0.0
  2 2003  23  21850  19.9  31.0   2.41   1.6   0.0
  2 2003  24  20878  19.9  31.1   2.46   1.5   0.0
  2 2003  25  19798  22.5  31.0   2.43   1.8   0.0
  2 2003  26  23650  21.8  31.5   2.34   1.7   0.0
  2 2003  27  24478  21.5  31.4   2.26   1.3   0.0
  2 2003  28  16667  22.5  30.2   2.44   2.0   0.0
  2 2003  29  20302  22.3  29.5   2.26   3.1   0.0
  2 2003  30  10079  23.6  27.6   2.22   2.1   0.0
  2 2003  31  18719  22.0  29.1   2.12   2.1   0.0
  2 2003  32  17999  21.8  30.7   2.48   1.6   0.0
  2 2003  33  20878  23.0  30.5   2.34   2.2   0.0
  2 2003  34  19078  22.0  29.7   2.34   2.0   0.1
  2 2003  35  16667  22.0  28.5   2.33   2.1   0.0
  2 2003  36  11879  21.8  27.0   2.25   1.9   0.0
  2 2003  37  16199  21.0  29.0   2.20   2.0   0.8
  2 2003  38  18503  21.6  31.0   2.47   2.5   0.0
  2 2003  39  22678  23.2  32.0   2.57   2.4   0.0
  2 2003  40  23650  23.1  31.7   2.54   2.3   0.0
  2 2003  41  22210  23.4  32.0   2.50   2.4   0.6
  2 2003  42  16811  24.0  32.1   2.87   1.7   2.4
  2 2003  43  18251  24.2  31.6   2.83   2.0   0.0
  2 2003  44  24838  24.1  31.8   2.70   2.5   0.0
  2 2003  45  21742  23.1  30.6   2.46   2.7   0.0
  2 2003  46  24622  23.0  31.2   2.53   2.5   0.0
  2 2003  47  23542  23.0  31.5   2.52   2.1   0.0
  2 2003  48  22930  23.2  32.0   2.48   2.0   0.0
  2 2003  49  21850  22.0  32.0   2.37   1.7   0.0
  2 2003  50  23398  22.5  31.5   2.37   1.7   0.0
  2 2003  51  24010  21.5  31.4   2.34   2.1   0.0
  2 2003  52  20158  22.5  31.4   2.48   2.2   0.0
  2 2003  53  19582  23.0  30.2   2.61   2.1   0.0
  2 2003  54  25702  21.7  31.8   2.32   2.0   0.0
  2 2003  55  25558  19.4  32.0   2.38   1.7   0.0
  2 2003  56  19222  21.5  30.5   2.30   2.1   0.1
  2 2003  57  11987  21.0  27.5   2.38   1.9   0.0
  2 2003  58  25558  22.5  31.0   2.43   2.4   0.0
  2 2003  59  24838  22.7  32.3   2.44   2.1   0.0
  2 2003  60  23398  23.0  32.0   2.41   1.7   0.0
  2 2003  61  22210  22.0  32.5   2.47   1.5   0.0
  2 2003  62  23542  20.6  35.1   2.38   1.6   0.0
  2 2003  63  25558  20.6  34.5   2.65   1.2   6.6
  2 2003  64  25702  23.8  33.5   2.84   2.0   0.0
  2 2003  65  22462  24.0  33.0   2.71   1.8   0.0
  2 2003  66  26782  23.1  34.0   2.76   1.7   0.0
  2 2003  67  22210  24.5  34.0   2.64   2.6   0.2
  2 2003  68  15371  23.3  28.6   2.45   2.6   0.0
  2 2003  69  22210  21.5  30.7   2.13   2.4   0.0
  2 2003  70  12707  22.8  29.4   2.14   2.1   0.3
  2 2003  71  15731  22.0  29.6   2.34   2.4   0.0
  2 2003  72  18251  21.8  29.6   2.29   2.6   1.4
  2 2003  73  24370  22.2  31.1   2.46   2.4   0.0
  2 2003  74  21850  22.5  32.0   2.41   2.2   0.1
  2 2003  75  15839  24.5  31.0   2.60   2.0   0.0
  2 2003  76  26890  23.0  32.9   2.62   2.1   0.0
  2 2003  77  21238  23.5  32.7   2.65   1.9   0.0
  2 2003  78  21490  24.1  32.5   2.85   2.0   0.0
  2 2003  79  22822  25.1  32.2   2.75   2.0   0.0
  2 2003  80  22102  24.6  33.0   2.76   1.9   0.1
  2 2003  81  19690  24.0  32.0   2.80   2.1   0.0
  2 2003  82  24838  24.0  34.0   2.60   2.3   0.0
  2 2003  83  26062  23.5  33.2   2.80   2.3   0.0
  2 2003  84  25558  24.3  32.5   2.64   2.8   0.0
  2 2003  85   9827  24.4  31.2   2.60   2.0   1.2
  2 2003  86  25702  23.7  33.0   2.76   2.5   0.0
  2 2003  87  21742  23.7  32.9   2.67   2.0   0.0
  2 2003  88  26422  21.1  33.8   2.62   1.8   0.0
  2 2003  89  26782  23.4  34.1   2.59   2.3   0.0
  2 2003  90  17171  24.0  33.5   2.75   1.6   0.0
  2 2003  91  27862  23.0  34.0   2.58   1.4   0.0
  2 2003  92  25918  21.5  34.8   2.59   1.7   0.0
  2 2003  93  24838  22.8  35.6   2.77   1.6   0.0
  2 2003  94  24982  22.8  36.1   2.87   1.6   0.0
  2 2003  95  25090  22.8  36.0   2.78   1.6   0.0
  2 2003  96  25090  25.9  35.2   2.85   2.0   0.0
  2 2003  97  21850  25.5  34.0   2.83   1.6   0.0
  2 2003  98  22570  24.1  34.1   2.84   1.6   0.0
  2 2003  99  19330  24.6  34.0   2.76   2.1   0.0
  2 2003 100  26998  26.1  35.0   2.79   2.5   0.0
  2 2003 101  26782  25.0  35.0   2.96   2.4   0.0
  2 2003 102  21850  24.5  34.5   2.86   1.8   2.0
  2 2003 103  26530  24.6  36.0   2.96   2.1   0.0
  2 2003 104  23542  23.5  35.2   2.78   1.8   0.0
  2 2003 105  28690  24.0  35.2   2.74   2.4   0.0
  2 2003 106  25810  25.1  35.1   2.82   2.6   0.0
  2 2003 107  27862  25.4  35.0   2.82   2.4   0.0
  2 2003 108  27358  24.5  35.1   2.72   2.0   0.0
  2 2003 109  27718  24.0  35.6   2.70   1.8   0.0
  2 2003 110  25918  23.8  36.4   2.65   1.7   0.0
  2 2003 111  23758  24.0  36.3   2.79   1.9   0.0
  2 2003 112  18611  25.2  35.6   2.82   1.3   0.8
  2 2003 113  21958  24.1  36.5   3.05   1.2   0.0
  2 2003 114  22570  25.2  36.4   3.01   1.2   0.3
  2 2003 115  21022  25.6  36.0   3.00   1.3   0.9
  2 2003 116  27142  25.3  34.6   2.84   2.6   0.0
  2 2003 117  26998  25.0  35.0   2.82   2.7   2.0
  2 2003 118  18359  25.0  32.7   2.97   2.1   4.0
  2 2003 119  24370  25.5  34.5   2.93   2.2   0.0
  2 2003 120  27970  25.0  36.2   2.91   1.6   0.0
  2 2003 121  27502  24.5  35.0   2.77   2.1   0.0
  2 2003 122  28834  26.0  36.2   2.93   1.9   0.0
  2 2003 123  25810  25.2  36.3   2.88   1.6   0.0
  2 2003 124  23542  26.2  36.1   2.96   1.7   0.0
  2 2003 125  26890  26.9  36.2   2.94   1.9   0.0
  2 2003 126  25810  24.5  35.6   2.86   1.8   0.0
  2 2003 127  22678  24.5  35.2   2.99   1.8   0.0
  2 2003 128  27610  26.7  37.0   2.83   2.2   1.0
  2 2003 129  20518  26.5  34.5   3.18   2.5  21.6
  2 2003 130   5256  24.7  29.0   3.01   0.9  13.2
  2 2003 131  19690  25.0  31.6   3.12   2.2   0.0
  2 2003 132  18143  25.8  33.2   3.07   2.4   0.0
  2 2003 133  22318  25.5  32.3   3.03   1.6   6.5
  2 2003 134  24262  25.6  33.6   2.96   1.7   0.0
  2 2003 135  26530  26.5  35.8   3.03   1.2   0.0
  2 2003 136  26062  25.6  36.3   3.32   1.3   0.0
  2 2003 137  19438  24.5  35.2   3.22   1.0   2.5
  2 2003 138  26782  24.0  36.5   3.07   1.6   0.0
  2 2003 139  20410  25.5  35.7   3.23   1.5   0.0
  2 2003 140  23182  25.5  34.6   3.13   1.5   0.0
  2 2003 141  26170  22.6  36.0   2.97   1.6   0.0
  2 2003 142  19942  24.5  36.2   2.93   1.6  13.5
  2 2003 143  18359  23.9  34.2   3.06   1.0  32.8
  2 2003 144  17279  23.6  31.8   2.83   3.0   8.1
  2 2003 145  10691  24.8  30.8   3.03   2.7  15.8
  2 2003 146   7091  24.7  29.6   2.94   3.5  89.4
  2 2003 147   3096  23.5  27.0   3.01   5.3  86.8
  2 2003 148   4068  25.0  28.0   3.00   4.2  49.2
  2 2003 149   5760  24.6  28.5   2.87   2.5  14.6
  2 2003 150   7559  24.2  29.8   2.84   1.6   6.7
  2 2003 151  14651  24.5  31.0   2.95   2.5   4.1
  2 2003 152  12239  24.0  30.6   2.90   2.0   2.0
  2 2003 153  12851  25.0  29.5   2.74   2.0   0.8
  2 2003 154  16667  23.5  32.0   2.98   1.1   0.5
  2 2003 155  22822  22.4  32.7   3.01   0.9   0.0
  2 2003 156  22318  22.3  33.2   2.94   0.8   0.0
  2 2003 157  24118  22.5  34.0   2.93   1.4   8.5
  2 2003 158  26890  22.3  34.0   2.88   1.2   0.0
  2 2003 159  22318  21.5  33.6   2.92   1.1   0.0
  2 2003 160  25918  22.9  34.8   2.97   1.0   0.0
  2 2003 161  27862  22.5  34.0   2.90   1.1   0.0
  2 2003 162  24622  21.0  33.2   2.71   1.0   0.0
  2 2003 163  24010  20.6  33.5   2.78   1.1   0.0
  2 2003 164  26530  22.0  34.5   2.75   1.5   0.0
  2 2003 165  23398  23.4  34.0   3.17   1.7  56.0
  2 2003 166   8279  23.2  30.5   2.98   1.7   1.8
  2 2003 167   4896  24.8  29.0   2.76   3.1   5.4
  2 2003 168   4896  24.8  28.0   2.99   1.0   5.0
  2 2003 169  16307  22.9  32.5   2.86   1.0   0.0
  2 2003 170  19582  24.0  32.0   2.82   1.1   0.0
  2 2003 171  25342  23.6  34.0   2.93   0.9   0.0
  2 2003 172  26278  23.6  33.5   3.07   1.4   6.5
  2 2003 173  22930  23.7  31.7   3.01   1.7   0.0
  2 2003 174  11987  25.6  30.5   3.09   1.9   1.0
  2 2003 175  14147  24.0  31.7   2.92   1.8   0.3
  2 2003 176  17063  24.3  33.5   3.02   0.9   3.4
  2 2003 177  21130  24.6  33.4   3.05   1.3   3.4
  2 2003 178  18359  23.6  33.5   2.75   1.1  15.0
  2 2003 179  16919  24.5  33.5   2.92   1.0   7.4
  2 2003 180  24982  25.1  33.4   2.93   1.5   0.0
  2 2003 181  21490  24.1  32.7   3.03   1.4  19.2
  2 2003 182  23182  24.5  34.0   2.95   1.5   0.3
  2 2003 183  19582  25.5  32.0   3.16   1.5   1.2
  2 2003 184  18862  25.3  33.5   2.92   1.3   0.0
  2 2003 185  20158  25.5  32.7   3.13   1.1   0.0
  2 2003 186  27250  23.5  35.0   3.02   0.9   0.0
  2 2003 187  28942  23.9  35.0   3.07   1.0   0.0
  2 2003 188  16307  24.2  33.6   2.87   0.9   0.0
  2 2003 189  11267  23.8  31.6   2.85   0.7  15.6
  2 2003 190  14291  23.5  32.1   3.01   1.0   8.2
  2 2003 191  14867  24.0  32.0   3.01   0.9   0.7
  2 2003 192  24622  23.5  34.4   3.14   1.3  37.5
  2 2003 193  24982  22.7  33.5   2.85   1.2   0.0
  2 2003 194  24982  25.3  33.6   3.05   1.3   0.0
  2 2003 195  25450  25.5  34.2   3.10   0.8  23.4
  2 2003 196  22570  24.7  34.0   2.97   1.1   0.2
  2 2003 197  25918  23.5  35.0   3.05   0.9   2.8
  2 2003 198  20158  24.4  33.0   3.01   1.4  11.2
  2 2003 199  12959  25.0  32.5   3.16   2.9  10.8
  2 2003 200  16667  25.1  31.5   3.12   2.0  97.2
  2 2003 201  19942  24.0  33.5   3.26   0.9   0.0
  2 2003 202  15371  23.2  32.6   2.91   2.1  57.9
  2 2003 203   4428  24.6  28.5   2.91   4.6  44.8
  2 2003 204   9971  24.4  29.5   3.00   2.1   0.9
  2 2003 205  27862  25.0  33.2   3.06   1.6   0.0
  2 2003 206  26890  23.1  33.5   3.09   1.2  22.0
  2 2003 207  13571  24.2  31.2   3.01   0.9  49.9
  2 2003 208  18611  24.5  31.9   3.09   1.5   0.0
  2 2003 209  26422  23.2  32.8   2.91   1.0   0.0
  2 2003 210  22570  23.0  33.0   2.90   0.8   0.0
  2 2003 211  17891  24.2  32.2   3.05   1.0   2.7
  2 2003 212  24838  23.5  32.7   3.10   0.9   0.0
  2 2003 213  15371  24.5  34.0   3.18   1.0   8.4
  2 2003 214  22678  23.7  33.0   3.07   1.3   0.0
  2 2003 215  16091  24.5  31.2   2.98   1.8   0.0
  2 2003 216  12491  25.4  32.0   3.01   2.3   4.0
  2 2003 217  12131  24.5  30.6   2.95   2.0   1.8
  2 2003 218  12347  26.9  32.5   3.01   2.3   0.0
  2 2003 219  12491  26.0  31.5   2.97   1.1   0.1
  2 2003 220  12239  25.4  32.2   3.13   1.2   0.0
  2 2003 221  24982  25.0  34.5   3.12   1.7   0.0
  2 2003 222  24370  23.9  34.0   2.92   2.0   0.0
  2 2003 223  27862  23.2  35.5   2.89   1.4   0.0
  2 2003 224  24010  23.0  35.7   3.08   1.0   0.2
  2 2003 225  25090  23.4  35.6   3.02   1.0   0.0
  2 2003 226  24478  24.8  34.6   3.09   1.7  43.0
  2 2003 227  19078  23.5  32.7   3.08   1.5   1.6
  2 2003 228   9611  24.0  31.2   3.01   1.1  36.3
  2 2003 229  13571  24.0  32.5   3.01   1.3   4.5
  2 2003 230  18143  25.1  31.0   2.66   3.4   2.3
  2 2003 231   5976  25.0  29.1   2.86   1.9  32.8
  2 2003 232  22462  23.9  33.0   2.93   1.4   0.0
  2 2003 233  24838  24.5  34.0   3.02   1.1   0.0
  2 2003 234   8531  25.4  31.4   2.98   1.9  61.0
  2 2003 235   9359  24.0  29.0   2.86   1.8   0.0
  2 2003 236  13571  24.0  33.2   3.07   1.2  32.7
  2 2003 237  24010  23.4  32.7   2.90   1.3   3.4
  2 2003 238   7199  23.5  30.5   2.90   0.6   0.8
  2 2003 239  16091  24.0  31.5   2.96   1.1   6.3
  2 2003 240  11771  24.0  31.6   2.92   0.9   4.2
  2 2003 241  17171  24.4  31.0   2.87   0.9   0.0
  2 2003 242  22102  24.3  33.0   3.01   1.3   5.3
  2 2003 243  15731  24.6  30.7   2.86   1.7   6.0
  2 2003 244  15587  24.2  30.5   2.99   3.9   4.8
  2 2003 245   2736  26.0  28.5   3.08   1.9  41.4
  2 2003 246   6947  23.0  28.8   2.62   2.1   9.8
  2 2003 247  17531  23.4  31.5   2.95   1.5   6.8
  2 2003 248  19942  22.6  31.5   2.83   1.0   0.0
  2 2003 249  19078  23.2  32.2   2.75   0.8  14.6
  2 2003 250  24118  23.0  32.6   3.13   1.1   0.0
  2 2003 251  13211  24.5  30.5   3.01   1.2  32.6
  2 2003 252  15011  23.4  31.1   2.89   1.3   6.4
  2 2003 253  13787  24.0  32.0   2.97   1.0   8.2
  2 2003 254  20410  24.2  31.9   2.87   1.4   0.0
  2 2003 255  20050  24.1  31.2   2.95   1.5   0.0
  2 2003 256  11267  24.0  30.4   3.00   0.9   0.0
  2 2003 257  17279  24.4  33.0   3.06   0.9  10.7
  2 2003 258  23542  23.0  33.7   3.03   0.9   0.6
  2 2003 259   5040  25.2  29.0   3.01   0.4   6.5
  2 2003 260   5148  24.2  28.0   3.10   0.6   2.0
  2 2003 261   7559  24.5  28.7   3.07   2.5   1.2
  2 2003 262  17423  24.2  31.7   2.88   1.7   6.5
  2 2003 263  23290  23.7  32.0   2.88   1.0   0.1
  2 2003 264  16451  23.8  33.0   3.04   0.8  20.3
  2 2003 265  19798  23.9  32.5   3.11   0.9   0.5
  2 2003 266  17783  23.2  33.5   2.99   0.7  29.4
  2 2003 267  22318  23.6  33.5   3.03   0.8   0.0
  2 2003 268  19582  24.5  34.0   3.22   0.9   1.2
  2 2003 269  24262  23.5  33.6   3.07   1.0   1.4
  2 2003 270  16811  25.6  33.1   3.21   0.8  12.7
  2 2003 271  18143  24.0  32.8   3.01   0.8   5.2
  2 2003 272  21130  23.5  32.4   2.79   1.4  10.4
  2 2003 273  17279  23.8  32.1   2.93   1.3   0.0
  2 2003 274  12707  25.1  31.7   2.80   1.0   0.3
  2 2003 275  20518  25.2  32.5   2.91   1.4   0.0
  2 2003 276  17171  24.5  31.0   2.79   1.4   0.0
  2 2003 277  25450  24.1  33.7   2.92   1.2   0.0
  2 2003 278  24370  23.5  34.6   3.09   1.3   0.0
  2 2003 279  21742  24.3  34.0   3.18   1.5   0.0
  2 2003 280  21022  24.5  35.0   3.13   0.8   9.6
  2 2003 281  22210  23.5  35.5   3.17   0.6   0.0
  2 2003 282  23542  24.0  34.0   3.04   1.1   0.4
  2 2003 283  19222  25.0  34.2   3.06   1.3   0.0
  2 2003 284  10907  25.6  32.2   3.04   0.7   0.0
  2 2003 285  12707  24.0  33.0   3.06   0.9   0.0
  2 2003 286  20410  24.5  33.5   3.06   1.3   0.0
  2 2003 287  16199  25.5  32.7   3.05   1.3  28.0
  2 2003 288   6587  23.9  29.5   2.84   0.9  11.2
  2 2003 289  14507  24.0  31.5   3.15   0.8  21.2
  2 2003 290  10907  23.5  30.0   2.82   0.8   2.0
  2 2003 291  22930  23.8  32.0   2.60   1.2   0.0
  2 2003 292  22318  22.8  32.2   2.72   1.2   0.0
  2 2003 293  19654  22.5  33.0   2.76   0.8   0.0
  2 2003 294  14651  23.5  32.0   2.79   0.9   0.0
  2 2003 295  15479  23.0  32.5   2.86   1.1   0.0
  2 2003 296  11771  24.4  30.0   2.74   1.3   0.0
  2 2003 297  14039  25.0  30.7   2.55   1.3   0.0
  2 2003 298  18251  22.5  31.1   2.50   1.5   0.0
  2 2003 299  19078  23.1  31.4   2.48   1.6   0.0
  2 2003 300  20302  23.0  32.0   2.59   1.5   0.0
  2 2003 301  11159  23.5  29.7   2.62   1.3   8.2
  2 2003 302  14147  23.5  30.5   2.71   2.1   0.0
  2 2003 303  18251  24.0  31.5   2.54   1.3   0.0
  2 2003 304  17423  23.0  33.2   2.94   1.2   0.0
  2 2003 305  13931  24.5  31.1   3.00   2.1   0.0
  2 2003 306  22570  21.7  34.1   2.86   0.8   0.0
  2 2003 307  20770  22.0  34.1   3.05   1.2  22.2
  2 2003 308  15587  25.0  32.5   3.03   1.5   0.4
  2 2003 309  18611  24.5  33.1   2.89   1.5  18.0
  2 2003 310  12599  24.2  29.1   3.00   1.3  10.7
  2 2003 311  16667  25.0  31.5   2.93   1.4   2.3
  2 2003 312  13787  24.0  32.1   3.03   1.2   8.5
  2 2003 313  15479  25.0  32.2   2.90   1.4   8.5
  2 2003 314  16091  23.8  31.0   2.95   1.7   8.9
  2 2003 315  12851  24.5  30.6   3.03   1.5   3.4
  2 2003 316   8999  24.4  30.0   2.71   1.6   1.4
  2 2003 317  14759  24.1  31.1   2.78   2.7  21.3
  2 2003 318   3096  23.5  26.0   2.66   2.2  99.6
  2 2003 319  15119  23.5  31.1   2.96   2.8   2.8
  2 2003 320  23290  25.2  32.6   3.08   1.6   0.0
  2 2003 321  18143  23.0  34.0   3.07   1.0  15.3
  2 2003 322  14759  24.3  31.9   2.81   1.2   3.4
  2 2003 323  20518  24.5  31.5   2.88   1.5   7.8
  2 2003 324  16919  23.5  31.1   2.85   1.0   1.5
  2 2003 325  22930  24.0  33.2   3.04   1.2   0.0
  2 2003 326  14759  24.6  30.2   3.16   1.3   1.7
  2 2003 327  14291  24.5  30.5   2.83   1.5   1.0
  2 2003 328  11987  24.2  29.5   2.88   1.2   6.2
  2 2003 329  12707  24.0  29.7   2.97   1.5   5.8
  2 2003 330  12851  24.3  29.8   2.93   1.3   4.2
  2 2003 331  19330  23.0  30.5   2.81   1.5   0.5
  2 2003 332  19942  23.5  31.5   2.64   1.0   0.0
  2 2003 333  20878  22.0  32.2   2.70   0.8   0.0
  2 2003 334  21022  21.5  30.1   2.40   1.1   0.0
  2 2003 335  16559  20.9  29.5   2.60   1.3   0.0
  2 2003 336  19798  21.6  29.5   2.28   1.4   0.8
  2 2003 337  15731  19.5  29.0   2.50   1.7   0.0
  2 2003 338  15947  21.5  30.5   2.25   1.7   0.8
  2 2003 339  19690  23.0  30.1   2.54   1.8   0.1
  2 2003 340  14759  22.8  30.5   2.73   1.6   3.0
  2 2003 341  15947  23.4  29.5   2.65   2.1   0.1
  2 2003 342   9467  23.6  29.2   2.68   1.8   1.0
  2 2003 343  11159  23.0  30.1   2.61   1.9   0.7
  2 2003 344   9107  24.0  28.5   2.73   1.4   0.0
  2 2003 345  17063  24.0  30.5   2.80   1.7   1.4
  2 2003 346   9827  25.0  28.2   2.96   1.5   8.4
  2 2003 347   8747  24.0  28.0   3.01   1.4   6.4
  2 2003 348  10187  23.7  29.0   2.77   2.1   0.0
  2 2003 349   6839  23.5  25.5   2.42   2.3   0.0
  2 2003 350  12707  22.5  26.5   2.22   2.0   0.0
  2 2003 351  11519  21.7  28.5   2.30   1.8   0.0
  2 2003 352  15947  22.9  29.0   2.44   1.7   0.6
  2 2003 353  10907  22.2  27.5   2.28   2.1   0.6
  2 2003 354   7307  22.5  26.7   2.19   3.4   0.0
  2 2003 355  17999  21.6  27.1   1.98   2.7   0.0
  2 2003 356   8171  22.2  27.0   2.26   1.6   0.2
  2 2003 357  12959  21.5  28.0   2.29   1.7   0.5
  2 2003 358  16811  21.5  28.7   2.32   1.6   1.6
  2 2003 359  19798  21.6  29.5   2.42   1.3   0.0
  2 2003 360  15947  21.6  28.2   2.37   1.8   0.0
  2 2003 361   4680  22.2  25.3   2.27   2.7   0.0
  2 2003 362   6731  22.0  25.6   1.99   2.4   0.0
  2 2003 363  14867  21.5  28.5   2.35   2.0   0.0
  2 2003 364   9359  23.0  27.7   2.38   2.0   0.0
  2 2003 365  12131  23.5  29.0   2.60   0.9   0.0
";}}s:20:"custom_result_object";a:0:{}s:11:"current_row";i:0;s:8:"num_rows";i:1;s:8:"row_data";N;}