O:12:"CI_DB_result":8:{s:7:"conn_id";N;s:9:"result_id";N;s:12:"result_array";a:1:{i:0;a:9:{s:2:"id";s:2:"21";s:7:"country";s:11:"Philippines";s:12:"station_code";s:1:"2";s:12:"country_code";s:4:"phil";s:13:"site_latitude";N;s:14:"site_longitude";N;s:13:"site_altitude";N;s:4:"year";s:4:"1990";s:4:"data";s:19806:"*-----------------------------------------------------------
*  Station Name: IRDR0002    IRRI dryland site, Los Banos
*  Author      : Climate Unit, IRRI    -99.: nil value
*  Source      : International Rice Research Institute (IRRI)
*
*  Comments    : This file is extracted from CLICOM database.
*  Longitude:  121 15 E   Latitude: 14 13 N    Altitude: 23.0 m
*
*  Column    Daily Value
*     1      Station number
*     2      Year
*     3      Day
*     4      irradiance         KJ m-2 d-1
*     5      min temperature            oC
*     6      max temperature            oC
*     7      vapor pressure            kPa
*     8      mean wind speed         m s-1
*     9      precipitation          mm d-1
*-----------------------------------------------------------
121.25  14.22  23.0  0.00  0.00
  2 1990   1  18359  17.7  31.0   2.37   1.5   0.0
  2 1990   2  19258  21.0  30.8   2.17   1.2   0.0
  2 1990   3  10979  20.4  28.9   2.64   2.0   0.1
  2 1990   4  15119  23.2  29.2   2.40   2.2   0.0
  2 1990   5  18719  21.5  29.7   2.19   2.2   0.0
  2 1990   6  11519  20.4  29.6   2.54   2.0   0.0
  2 1990   7  15839  18.6  29.9   2.34   2.6   0.0
  2 1990   8  18359  21.4  30.5   2.43   2.5   0.0
  2 1990   9  10619  21.5  30.2   2.57   1.5   3.0
  2 1990  10  13139  22.0  30.5   2.56   1.6   0.0
  2 1990  11  19258  19.3  31.8   2.66   1.9   2.0
  2 1990  12  18359  22.1  31.6   2.74   1.8   0.0
  2 1990  13  11159  22.1  29.8   2.54   1.9   0.8
  2 1990  14  19258  21.4  32.0   2.48   2.0   0.0
  2 1990  15  19438  21.1  33.3   2.55   1.5   0.0
  2 1990  16  19438  18.8  32.7   2.47   1.0   0.0
  2 1990  17   8639  21.3  28.0   2.49   1.6   0.0
  2 1990  18  15299  21.5  31.0   2.40   2.2   0.0
  2 1990  19  18359  20.2  31.2   2.31   1.6   0.0
  2 1990  20  19078  20.5  30.8   2.25   2.2   0.0
  2 1990  21  16199  20.0  29.4   1.97   1.9   0.6
  2 1990  22  17819  21.1  30.1   2.45   1.9   0.0
  2 1990  23  11519  21.2  28.7   2.67   1.7   0.6
  2 1990  24   9539  23.0  27.5   2.39   2.4   0.0
  2 1990  25  12959  22.0  28.5   2.41   2.1   0.4
  2 1990  26   7559  22.0  26.0   2.55   1.0   7.8
  2 1990  27  18898  22.4  30.5   2.57   1.3   0.0
  2 1990  28  14219  21.2  31.3   2.64   0.8   0.0
  2 1990  29  16919  21.5  32.1   2.57   1.1   0.0
  2 1990  30  14219  23.2  31.4   2.70   1.4   0.0
  2 1990  31  15659  23.5  30.4   2.63   1.7   0.0
  2 1990  32  21598  21.7  31.0   2.50   2.2   0.0
  2 1990  33  16919  22.6  31.8   2.75   2.1   0.0
  2 1990  34  21058  23.7  31.5   2.63   2.1   0.0
  2 1990  35  19258  22.9  31.8   2.62   2.0   0.0
  2 1990  36  15479  23.5  31.7   2.60   1.7   0.6
  2 1990  37  21058  22.8  32.2   2.52   2.1   0.0
  2 1990  38  17639  21.6  31.0   2.45   2.3   0.3
  2 1990  39  21598  21.7  31.5   2.46   2.4   0.0
  2 1990  40  12779  23.5  31.2   2.43   3.0   0.1
  2 1990  41  21958  23.0  31.8   2.38   2.5   0.0
  2 1990  42  22678  21.5  32.0   2.42   2.2   0.0
  2 1990  43  20158  21.2  31.5   2.46   2.1   0.0
  2 1990  44  16019  23.0  30.7   2.63   2.2   0.0
  2 1990  45  22858  21.8  32.1   2.37   2.1   0.0
  2 1990  46  22498  22.3  31.7   2.44   2.2   0.0
  2 1990  47  19078  20.2  31.5   2.51   2.0   0.0
  2 1990  48  16199  22.7  31.7   2.59   1.6   0.0
  2 1990  49  20698  21.1  32.7   2.47   2.1   0.0
  2 1990  50  16559  21.8  32.0   2.54   2.0   0.0
  2 1990  51  21058  22.2  32.0   2.51   2.2   0.0
  2 1990  52  13679  22.7  30.5   2.60   1.7   1.1
  2 1990  53  15839  22.7  32.9   2.59   1.6   0.0
  2 1990  54  23578  21.8  31.7   2.45   1.9   0.0
  2 1990  55  22498  21.7  31.8   2.41   2.0   0.0
  2 1990  56  18359  22.5  31.4   2.53   2.0   0.0
  2 1990  57  22138  22.4  32.2   2.53   2.0   0.0
  2 1990  58  22498  22.3  32.8   2.41   2.1   0.0
  2 1990  59  17639  23.0  31.5   2.64   1.2   0.0
  2 1990  60  20518  23.6  32.6   2.68   1.2   0.0
  2 1990  61  24118  21.1  32.6   2.62   1.6   0.0
  2 1990  62  23398  20.5  31.6   2.38   1.7   0.0
  2 1990  63  22858  22.0  33.1   2.41   1.3   0.0
  2 1990  64  22318  21.5  33.2   2.50   1.5   0.0
  2 1990  65  22138  22.3  32.5   2.60   1.5   0.0
  2 1990  66  20878  22.1  32.0   2.62   1.7   1.6
  2 1990  67  10979  22.5  28.4   2.71   1.0  27.4
  2 1990  68  13139  21.8  29.0   2.54   2.0   0.6
  2 1990  69  17639  22.4  29.1   2.35   1.9   0.0
  2 1990  70  19978  21.5  30.4   2.42   2.0   0.0
  2 1990  71  24478  21.6  30.7   2.32   2.2   0.0
  2 1990  72  18898  22.5  29.6   2.39   2.3   0.0
  2 1990  73  24298  21.9  31.2   2.32   2.2   0.0
  2 1990  74  19258  22.2  31.2   2.47   2.0   1.3
  2 1990  75  10079  20.1  26.7   2.62   1.7   0.0
  2 1990  76  19618  22.1  30.1   2.34   2.1   1.2
  2 1990  77  16019  22.0  30.5   2.41   1.5   2.1
  2 1990  78  13319  23.2  29.0   2.58   1.7   0.0
  2 1990  79  17099  23.1  32.4   2.60   1.1   0.0
  2 1990  80  16379  22.9  32.2   2.62   1.4   0.0
  2 1990  81  24118  23.7  32.9   2.73   1.9   0.0
  2 1990  82  17999  22.7  32.4   2.57   1.6   0.0
  2 1990  83  14939  22.0  33.6   2.54   1.4   0.0
  2 1990  84  21598  20.4  33.2   2.52   1.2   0.0
  2 1990  85  23218  22.0  32.0   2.60   1.8   0.0
  2 1990  86  23758  21.0  32.8   2.42   1.8   0.0
  2 1990  87  20158  21.2  33.0   2.56   1.5   0.0
  2 1990  88  23758  22.4  33.9   2.53   1.4   0.0
  2 1990  89  17999  21.5  33.0   2.56   1.4   0.0
  2 1990  90  25378  22.3  33.2   2.60   1.7   0.0
  2 1990  91  22138  22.3  34.0   2.70   1.4   0.0
  2 1990  92  23758  22.6  33.0   2.72   1.8   0.0
  2 1990  93  25558  22.7  35.2   2.48   1.9   0.0
  2 1990  94  25738  24.5  34.1   2.73   1.8   0.0
  2 1990  95  22138  23.2  32.5   2.76   3.2   0.0
  2 1990  96  19978  20.6  32.8   2.66   2.2   2.4
  2 1990  97  18719  24.0  32.5   2.81   1.8   0.7
  2 1990  98  22678  23.5  33.5   2.73   2.4   0.0
  2 1990  99  20158  25.4  33.2   2.69   2.4   0.0
  2 1990 100  14039  24.3  32.0   2.64   1.6   1.2
  2 1990 101  17819  24.0  34.5   2.71   1.4   0.0
  2 1990 102  22858  23.1  35.5   2.86   1.8   0.0
  2 1990 103  17639  25.3  35.0   2.95   1.0   0.0
  2 1990 104  18719  24.0  34.8   2.92   1.3   0.0
  2 1990 105  18719  25.7  35.1   2.96   1.4   9.6
  2 1990 106  23398  22.4  34.5   2.93   1.5   0.0
  2 1990 107  25378  21.4  35.6   2.64   1.7   0.0
  2 1990 108  21958  21.5  36.0   2.76   1.2   0.0
  2 1990 109  21238  23.5  34.6   2.71   1.4   2.4
  2 1990 110  22318  22.7  36.0   2.91   1.3   0.0
  2 1990 111  21238  24.4  35.5   2.91   1.7   0.0
  2 1990 112  22138  24.0  36.3   2.99   1.4   0.0
  2 1990 113  20158  23.1  36.0   2.71   1.1   1.3
  2 1990 114  20518  25.5  34.6   2.85   2.2   0.0
  2 1990 115  15659  25.9  35.5   3.07   1.3   0.0
  2 1990 116  24658  24.6  35.6   2.89   2.4   0.0
  2 1990 117  26458  26.0  35.7   2.79   2.7   0.0
  2 1990 118  25918  25.0  35.0   2.75   2.8   0.0
  2 1990 119  21238  24.5  35.0   2.85   2.2   0.1
  2 1990 120  23218  25.0  35.6   2.79   2.5   0.0
  2 1990 121  24658  25.5  35.6   2.90   2.2   0.0
  2 1990 122  25738  25.4  35.5   2.79   2.0   0.0
  2 1990 123  21958  24.5  35.1   2.83   1.7   0.0
  2 1990 124  25198  25.5  36.0   2.77   1.5   0.0
  2 1990 125  24658  23.9  36.0   2.73   1.7   0.0
  2 1990 126  19618  25.0  34.3   2.88   1.3  16.2
  2 1990 127  20878  25.6  35.5   3.02   1.2   0.1
  2 1990 128  22858  25.1  35.1   2.97   1.8   0.0
  2 1990 129  24478  25.4  35.5   3.05   2.1   0.0
  2 1990 130  21598  24.8  35.1   3.04   1.7   0.1
  2 1990 131  19438  26.5  35.8   3.13   1.4   0.0
  2 1990 132  20878  26.0  36.5   3.05   1.6   0.0
  2 1990 133  18898  25.2  33.0   2.93   1.7   3.8
  2 1990 134  17999  25.1  35.0   3.07   1.8   0.5
  2 1990 135  19078  25.7  35.1   3.11   2.6   0.0
  2 1990 136  23218  24.7  35.0   2.84   2.4   0.0
  2 1990 137  13319  25.9  32.5   3.10   1.0  76.6
  2 1990 138  12599  24.8  32.0   3.04   1.3   1.9
  2 1990 139  14759  24.7  33.0   2.95   0.8   1.7
  2 1990 140  14939  24.6  33.1   3.12   0.9   5.4
  2 1990 141   9179  25.1  30.5   3.24   0.7  25.0
  2 1990 142  12059  25.0  31.1   3.22   1.2  28.5
  2 1990 143  12599  25.0  32.2   3.24   1.1   0.5
  2 1990 144  17999  25.3  33.0   3.03   1.1   8.1
  2 1990 145  19258  23.7  34.1   3.10   1.0   0.0
  2 1990 146  14759  24.7  33.2   3.13   0.8   1.6
  2 1990 147  14399  24.2  33.5   3.06   0.9  23.5
  2 1990 148  13319  23.6  31.5   3.03   1.0   0.6
  2 1990 149  15119  24.0  33.5   2.97   1.0   0.8
  2 1990 150  14579  23.9  31.7   3.06   1.1  10.5
  2 1990 151   8279  24.8  30.2   2.90   1.6   9.2
  2 1990 152  13499  24.7  32.8   3.05   2.0   4.0
  2 1990 153  21958  23.5  33.5   2.85   1.0   0.0
  2 1990 154  18539  23.5  33.7   2.96   1.1   1.4
  2 1990 155  20338  23.9  34.4   3.13   1.1   0.0
  2 1990 156  23578  23.8  34.4   3.05   1.1   0.0
  2 1990 157  12419  24.6  33.8   3.21   0.7   8.6
  2 1990 158  15839  25.4  33.7   3.02   0.6  21.4
  2 1990 159  18719  24.4  34.8   3.21   0.7   6.4
  2 1990 160  14579  23.6  32.6   3.13   0.8  65.2
  2 1990 161  19978  23.6  35.4   2.96   0.9   5.1
  2 1990 162  20338  24.6  33.5   3.06   1.0   3.6
  2 1990 163  22498  25.1  33.9   3.03   1.1   0.0
  2 1990 164  19978  24.5  33.5   3.15   1.2   0.0
  2 1990 165   7739  24.0  31.1   3.08   2.0  71.5
  2 1990 166  10079  23.2  28.8   2.93   1.2   0.8
  2 1990 167  16379  23.5  32.5   2.95   1.9   0.0
  2 1990 168  20698  25.3  33.5   2.84   1.1   0.0
  2 1990 169  18539  24.6  34.0   3.17   0.9   0.1
  2 1990 170  19618  25.1  33.1   3.18   1.1   0.1
  2 1990 171   9719  23.7  31.2   2.88   0.5  19.8
  2 1990 172   5220  23.9  28.2   2.96   3.8  31.6
  2 1990 173   7739  24.3  28.7   3.04   3.9  17.8
  2 1990 174  12959  24.8  30.9   2.92   1.9   5.8
  2 1990 175  16739  24.7  32.5   3.12   1.3   0.0
  2 1990 176  10259  24.1  29.9   3.09   0.9  62.0
  2 1990 177   9179  24.2  29.1   2.95   2.6  11.5
  2 1990 178   7199  25.1  28.4   2.88   2.2   4.6
  2 1990 179   8999  24.1  27.5   2.90   1.6   6.0
  2 1990 180  19438  23.2  31.8   2.97   1.3   0.0
  2 1990 181  22138  22.9  32.5   3.05   1.1  22.6
  2 1990 182  18719  23.0  33.1   3.05   0.9  10.0
  2 1990 183  15659  23.1  31.0   3.03   0.8   0.2
  2 1990 184  12779  24.0  31.5   3.01   0.7   3.3
  2 1990 185  19618  22.0  32.2   2.81   0.8   0.4
  2 1990 186  16559  23.7  32.4   3.03   1.0   0.0
  2 1990 187  16019  23.6  32.0   3.01   1.1   9.8
  2 1990 188  13859  24.2  30.8   2.93   1.0  25.2
  2 1990 189  16199  23.0  31.1   3.06   1.5   8.2
  2 1990 190  14579  24.0  32.0   2.94   2.3   0.0
  2 1990 191  13679  24.5  31.6   3.06   1.7   0.0
  2 1990 192  17099  23.5  32.1   2.80   1.0   8.2
  2 1990 193  17099  23.5  32.9   3.09   0.8  14.3
  2 1990 194  21598  23.8  34.0   2.98   0.8   0.0
  2 1990 195  20698  24.4  34.0   3.18   1.0   5.5
  2 1990 196  19258  24.0  33.7   2.96   1.0   8.8
  2 1990 197  18898  22.5  32.2   2.89   0.8  17.0
  2 1990 198  17279  23.8  33.2   2.95   0.9  11.8
  2 1990 199  15119  22.6  30.9   2.90   0.6   7.9
  2 1990 200  19078  22.1  31.9   2.91   0.8   2.3
  2 1990 201  12959  23.4  31.4   2.90   1.1  14.2
  2 1990 202  21958  22.6  32.5   2.85   1.4   0.2
  2 1990 203  18898  24.0  33.4   3.01   1.1   0.0
  2 1990 204  15839  23.7  31.8   3.03   0.9   0.7
  2 1990 205  16739  24.7  32.1   3.07   1.9   0.0
  2 1990 206   6839  25.2  28.5   3.05   2.3  43.9
  2 1990 207  12779  22.8  30.5   2.86   2.2  17.4
  2 1990 208   6839  23.4  28.3   2.96   2.6  12.2
  2 1990 209   5400  24.0  27.7   2.87   2.4  27.7
  2 1990 210  11699  22.9  31.2   2.72   1.4   3.2
  2 1990 211  22138  23.7  32.2   2.92   2.3   0.3
  2 1990 212  23578  23.7  33.0   2.98   1.9   0.0
  2 1990 213  19798  24.7  33.0   2.99   2.1   0.0
  2 1990 214  22318  25.5  33.0   3.05   2.8   0.0
  2 1990 215  21778  25.8  34.0   3.16   1.7   0.0
  2 1990 216  15479  24.5  33.0   3.11   0.8  28.6
  2 1990 217  20338  24.8  33.2   3.26   0.8   0.4
  2 1990 218  15659  24.4  32.7   3.11   0.9   3.7
  2 1990 219  16739  24.6  33.2   3.18   1.2  38.1
  2 1990 220  18539  22.3  32.7   2.99   1.4   0.0
  2 1990 221  13499  24.4  32.6   3.11   0.7   0.0
  2 1990 222  18179  23.0  34.5   3.18   0.9   0.0
  2 1990 223  16199  23.0  31.9   2.88   0.8   4.5
  2 1990 224  11879  23.0  29.5   3.05   0.9  14.4
  2 1990 225   6659  23.5  26.1   2.75   0.8   4.4
  2 1990 226  10259  24.0  29.5   3.00   0.7  34.5
  2 1990 227   9179  22.9  29.2   3.02   0.7  14.0
  2 1990 228  14939  22.8  32.2   3.14   2.9  28.0
  2 1990 229   8459  24.0  28.0   2.96   6.6  24.6
  2 1990 230  11879  25.2  29.3   2.78   6.5  32.8
  2 1990 231  17819  25.0  30.3   3.09   6.1  26.2
  2 1990 232  14759  25.9  30.0   2.99   5.5  15.8
  2 1990 233  13859  25.5  31.2   2.95   5.4  10.8
  2 1990 234  10439  25.6  29.2   2.88   4.3   9.0
  2 1990 235  10079  25.6  30.2   3.04   3.1   2.7
  2 1990 236   3600  25.5  28.5   2.99   1.7 167.4
  2 1990 237  12599  22.1  32.0   2.89   2.9  45.5
  2 1990 238  13679  23.4  30.7   2.74   5.2  14.3
  2 1990 239  13679  25.4  29.5   2.92   2.7   5.6
  2 1990 240  12239  24.2  29.2   2.85   1.7   1.6
  2 1990 241  17999  23.0  32.0   2.94   2.6   0.3
  2 1990 242  15299  25.4  32.5   2.81   2.3   0.0
  2 1990 243  16739  25.5  33.0   2.70   2.9   0.0
  2 1990 244   2520  25.9  26.8   2.75   2.0  76.1
  2 1990 245  14759  22.1  30.8   2.58   1.6   0.0
  2 1990 246  16379  24.1  32.7   2.73   1.9   0.7
  2 1990 247  23398  22.9  33.5   2.90   1.3   0.0
  2 1990 248  17999  23.7  33.0   3.06   1.6   0.0
  2 1990 249  16379  24.1  33.0   2.90   3.9   2.6
  2 1990 250   4500  26.0  27.6   2.95   4.0  20.6
  2 1990 251  12239  24.0  29.3   2.82   1.6   3.6
  2 1990 252  20698  23.0  32.5   3.00   2.1   0.0
  2 1990 253  20878  23.5  31.5   2.91   1.0   0.5
  2 1990 254  18719  22.5  31.1   3.02   1.0   0.0
  2 1990 255  17459  22.0  32.0   3.02   0.9   3.0
  2 1990 256  22318  24.4  31.4   3.13   1.3   0.2
  2 1990 257  19438  22.8  32.0   2.97   2.8   0.0
  2 1990 258  16019  26.0  31.4   3.00   2.3   0.9
  2 1990 259  18719  22.7  32.0   2.94   1.3   0.0
  2 1990 260  13859  23.6  31.3   2.99   0.9   5.4
  2 1990 261  19078  23.6  31.1   3.13   1.3   0.0
  2 1990 262  22318  24.0  33.7   3.00   1.0   2.6
  2 1990 263  16559  24.5  31.7   2.84   0.8   0.5
  2 1990 264  14939  24.6  29.6   2.68   1.8   6.3
  2 1990 265   8279  23.7  27.5   2.80   0.7   4.0
  2 1990 266  17819  23.2  32.5   3.00   0.9  39.6
  2 1990 267  21058  24.1  32.4   3.21   1.0  33.6
  2 1990 268  14219  23.7  32.4   3.03   0.6   0.3
  2 1990 269  17999  23.0  32.7   3.04   0.9   1.2
  2 1990 270  14039  23.4  31.8   3.03   0.8   0.0
  2 1990 271  21238  23.0  33.2   2.85   1.1   4.6
  2 1990 272  12779  24.3  30.8   2.85   1.2   5.1
  2 1990 273  12419  24.5  30.9   2.96   1.2   1.4
  2 1990 274  10439  25.1  31.0   2.98   1.1   0.3
  2 1990 275  11555  24.0  28.9   2.95   0.7   0.0
  2 1990 276  20194  23.7  33.4   2.88   0.9   0.0
  2 1990 277  22930  24.9  33.4   2.86   1.5   0.0
  2 1990 278  22498  26.1  33.7   2.88   1.3   0.0
  2 1990 279  19798  24.3  33.7   2.92   1.3   0.0
  2 1990 280  19618  24.4  32.7   2.96   1.1   0.0
  2 1990 281  18611  21.3  33.0   2.64   1.2   6.4
  2 1990 282   5148  24.4  26.3   2.86   0.8  18.2
  2 1990 283   7019  23.8  27.5   2.88   0.9  59.6
  2 1990 284  12203  23.4  29.5   2.86   1.1  33.6
  2 1990 285   7163  23.5  26.5   3.08   0.6  16.4
  2 1990 286  14939  23.8  32.8   2.84   0.8  69.9
  2 1990 287  13067  23.7  30.5   2.94   0.7   0.1
  2 1990 288  14147  24.1  31.5   2.92   0.9  21.2
  2 1990 289  15803  23.2  31.0   2.86   1.0   0.9
  2 1990 290  13319  24.0  31.5   2.91   1.1  28.7
  2 1990 291   8063  23.6  27.0   2.79   0.5  13.4
  2 1990 292  15983  23.2  31.5   2.86   0.9   0.0
  2 1990 293  14291  24.5  31.6   2.92   0.7   1.3
  2 1990 294   7343  23.7  28.5   2.97   1.0   3.5
  2 1990 295  11771  24.3  30.0   2.94   1.1   7.6
  2 1990 296  15767  24.5  31.0   2.89   1.4   0.2
  2 1990 297  13175  24.4  31.2   2.86   1.3   0.0
  2 1990 298  19366  24.2  32.2   2.80   1.4   0.0
  2 1990 299  17855  24.1  32.1   2.81   1.7   0.0
  2 1990 300  16415  23.3  31.4   2.71   1.7   0.0
  2 1990 301  20590  24.0  32.7   2.76   1.9   1.5
  2 1990 302  12491  24.5  31.2   2.92   1.2   6.2
  2 1990 303  21742  23.7  32.3   2.87   2.3   0.0
  2 1990 304  11807  25.1  30.2   2.79   1.4   2.0
  2 1990 305  17027  24.8  32.3   3.10   1.6   0.0
  2 1990 306  15515  24.8  32.0   2.98   1.5   0.0
  2 1990 307  13211  24.6  31.0   2.88   0.7   0.0
  2 1990 308  18395  22.5  33.0   2.89   1.0   0.0
  2 1990 309  13607  23.9  32.2   2.80   0.8   0.2
  2 1990 310  15947  24.5  32.6   2.95   1.1   0.0
  2 1990 311  13715  24.6  31.8   2.94   1.2  20.9
  2 1990 312   8099  24.5  28.5   2.91   1.1  10.0
  2 1990 313  18287  23.6  32.5   2.83   1.2   0.1
  2 1990 314  18431  23.8  32.2   2.97   1.5   0.0
  2 1990 315  14363  24.2  30.6   2.76   1.5  51.4
  2 1990 316   7595  23.6  27.4   2.67   2.3  69.1
  2 1990 317   2988  23.0  28.1   2.69   3.0 111.2
  2 1990 318  13067  21.3  30.5   2.74   2.3   3.9
  2 1990 319  20302  23.7  32.1   2.98   1.6   4.5
  2 1990 320  13571  22.9  30.6   2.71   1.1  10.8
  2 1990 321   8891  21.5  29.5   2.68   0.7   1.4
  2 1990 322   7415  23.0  28.8   2.81   1.2  43.8
  2 1990 323  16739  23.5  32.0   2.92   1.6   0.0
  2 1990 324  18395  25.4  31.6   2.93   1.8   0.8
  2 1990 325  11915  24.5  31.0   2.76   2.6   3.1
  2 1990 326  14687  23.5  30.5   2.72   2.3   3.6
  2 1990 327  11411  24.0  30.0   2.65   1.9   6.6
  2 1990 328   9467  23.5  29.0   2.65   1.5   0.9
  2 1990 329  18287  22.4  30.4   2.41   1.5   0.6
  2 1990 330  13967  23.0  30.5   2.73   2.2   0.1
  2 1990 331  14687  20.5  30.2   2.54   1.0   0.0
  2 1990 332  15587  20.9  32.1   2.65   1.8   0.0
  2 1990 333  15623  22.2  30.4   2.62   1.0   0.0
  2 1990 334  13715  21.1  29.8   2.46   1.5   0.0
  2 1990 335  13859  22.0  29.4   2.48   1.6   0.0
  2 1990 336  11159  22.5  29.0   2.26   2.2   2.2
  2 1990 337  12059  23.0  27.5   2.27   3.6   0.6
  2 1990 338   6767  23.6  27.1   2.39   2.8   0.8
  2 1990 339   5688  22.7  27.0   2.65   2.0   0.9
  2 1990 340  16307  21.5  31.6   2.77   2.1   0.2
  2 1990 341  15587  23.5  30.2   2.77   2.5   8.4
  2 1990 342   6515  23.0  25.8   2.75   0.8  47.8
  2 1990 343  15875  16.2  30.0   2.77   2.0   0.0
  2 1990 344  13571  22.5  31.0   2.64   1.6   0.2
  2 1990 345  12887  23.0  30.0   2.62   1.6   0.2
  2 1990 346  16415  24.0  31.5   2.72   2.1   0.0
  2 1990 347  18862  23.7  31.9   2.66   2.2   1.1
  2 1990 348  13535  22.9  30.9   2.67   1.9   6.4
  2 1990 349   7991  24.0  27.0   2.87   1.4  45.0
  2 1990 350   9971  23.4  28.1   2.82   1.7   3.3
  2 1990 351  10295  23.4  28.5   2.77   1.3   1.6
  2 1990 352  16667  23.5  30.5   2.61   1.7   0.0
  2 1990 353  19258  22.4  31.6   2.59   1.4   0.0
  2 1990 354  19330  21.0  33.1   2.41   0.7   0.0
  2 1990 355  17891  21.2  31.6   2.64   0.8   0.1
  2 1990 356   9287  23.2  28.1   2.69   1.1  10.9
  2 1990 357   9287  22.5  27.5   2.57   1.8   1.5
  2 1990 358  10907  22.0  28.4   2.45   1.8   5.1
  2 1990 359  10979  21.5  28.1   2.46   1.9   0.3
  2 1990 360  17603  22.5  30.0   2.50   1.9   0.0
  2 1990 361  17927  21.9  30.0   2.29   2.4   0.0
  2 1990 362  11699  22.7  29.0   2.45   1.9   0.3
  2 1990 363  11123  23.0  31.9   2.73   1.1  25.3
  2 1990 364  13679  23.5  29.2   2.56   1.8   0.1
  2 1990 365  14363  23.4  29.7   2.60   1.4   1.2
";}}s:13:"result_object";a:1:{i:0;O:8:"stdClass":9:{s:2:"id";s:2:"21";s:7:"country";s:11:"Philippines";s:12:"station_code";s:1:"2";s:12:"country_code";s:4:"phil";s:13:"site_latitude";N;s:14:"site_longitude";N;s:13:"site_altitude";N;s:4:"year";s:4:"1990";s:4:"data";s:19806:"*-----------------------------------------------------------
*  Station Name: IRDR0002    IRRI dryland site, Los Banos
*  Author      : Climate Unit, IRRI    -99.: nil value
*  Source      : International Rice Research Institute (IRRI)
*
*  Comments    : This file is extracted from CLICOM database.
*  Longitude:  121 15 E   Latitude: 14 13 N    Altitude: 23.0 m
*
*  Column    Daily Value
*     1      Station number
*     2      Year
*     3      Day
*     4      irradiance         KJ m-2 d-1
*     5      min temperature            oC
*     6      max temperature            oC
*     7      vapor pressure            kPa
*     8      mean wind speed         m s-1
*     9      precipitation          mm d-1
*-----------------------------------------------------------
121.25  14.22  23.0  0.00  0.00
  2 1990   1  18359  17.7  31.0   2.37   1.5   0.0
  2 1990   2  19258  21.0  30.8   2.17   1.2   0.0
  2 1990   3  10979  20.4  28.9   2.64   2.0   0.1
  2 1990   4  15119  23.2  29.2   2.40   2.2   0.0
  2 1990   5  18719  21.5  29.7   2.19   2.2   0.0
  2 1990   6  11519  20.4  29.6   2.54   2.0   0.0
  2 1990   7  15839  18.6  29.9   2.34   2.6   0.0
  2 1990   8  18359  21.4  30.5   2.43   2.5   0.0
  2 1990   9  10619  21.5  30.2   2.57   1.5   3.0
  2 1990  10  13139  22.0  30.5   2.56   1.6   0.0
  2 1990  11  19258  19.3  31.8   2.66   1.9   2.0
  2 1990  12  18359  22.1  31.6   2.74   1.8   0.0
  2 1990  13  11159  22.1  29.8   2.54   1.9   0.8
  2 1990  14  19258  21.4  32.0   2.48   2.0   0.0
  2 1990  15  19438  21.1  33.3   2.55   1.5   0.0
  2 1990  16  19438  18.8  32.7   2.47   1.0   0.0
  2 1990  17   8639  21.3  28.0   2.49   1.6   0.0
  2 1990  18  15299  21.5  31.0   2.40   2.2   0.0
  2 1990  19  18359  20.2  31.2   2.31   1.6   0.0
  2 1990  20  19078  20.5  30.8   2.25   2.2   0.0
  2 1990  21  16199  20.0  29.4   1.97   1.9   0.6
  2 1990  22  17819  21.1  30.1   2.45   1.9   0.0
  2 1990  23  11519  21.2  28.7   2.67   1.7   0.6
  2 1990  24   9539  23.0  27.5   2.39   2.4   0.0
  2 1990  25  12959  22.0  28.5   2.41   2.1   0.4
  2 1990  26   7559  22.0  26.0   2.55   1.0   7.8
  2 1990  27  18898  22.4  30.5   2.57   1.3   0.0
  2 1990  28  14219  21.2  31.3   2.64   0.8   0.0
  2 1990  29  16919  21.5  32.1   2.57   1.1   0.0
  2 1990  30  14219  23.2  31.4   2.70   1.4   0.0
  2 1990  31  15659  23.5  30.4   2.63   1.7   0.0
  2 1990  32  21598  21.7  31.0   2.50   2.2   0.0
  2 1990  33  16919  22.6  31.8   2.75   2.1   0.0
  2 1990  34  21058  23.7  31.5   2.63   2.1   0.0
  2 1990  35  19258  22.9  31.8   2.62   2.0   0.0
  2 1990  36  15479  23.5  31.7   2.60   1.7   0.6
  2 1990  37  21058  22.8  32.2   2.52   2.1   0.0
  2 1990  38  17639  21.6  31.0   2.45   2.3   0.3
  2 1990  39  21598  21.7  31.5   2.46   2.4   0.0
  2 1990  40  12779  23.5  31.2   2.43   3.0   0.1
  2 1990  41  21958  23.0  31.8   2.38   2.5   0.0
  2 1990  42  22678  21.5  32.0   2.42   2.2   0.0
  2 1990  43  20158  21.2  31.5   2.46   2.1   0.0
  2 1990  44  16019  23.0  30.7   2.63   2.2   0.0
  2 1990  45  22858  21.8  32.1   2.37   2.1   0.0
  2 1990  46  22498  22.3  31.7   2.44   2.2   0.0
  2 1990  47  19078  20.2  31.5   2.51   2.0   0.0
  2 1990  48  16199  22.7  31.7   2.59   1.6   0.0
  2 1990  49  20698  21.1  32.7   2.47   2.1   0.0
  2 1990  50  16559  21.8  32.0   2.54   2.0   0.0
  2 1990  51  21058  22.2  32.0   2.51   2.2   0.0
  2 1990  52  13679  22.7  30.5   2.60   1.7   1.1
  2 1990  53  15839  22.7  32.9   2.59   1.6   0.0
  2 1990  54  23578  21.8  31.7   2.45   1.9   0.0
  2 1990  55  22498  21.7  31.8   2.41   2.0   0.0
  2 1990  56  18359  22.5  31.4   2.53   2.0   0.0
  2 1990  57  22138  22.4  32.2   2.53   2.0   0.0
  2 1990  58  22498  22.3  32.8   2.41   2.1   0.0
  2 1990  59  17639  23.0  31.5   2.64   1.2   0.0
  2 1990  60  20518  23.6  32.6   2.68   1.2   0.0
  2 1990  61  24118  21.1  32.6   2.62   1.6   0.0
  2 1990  62  23398  20.5  31.6   2.38   1.7   0.0
  2 1990  63  22858  22.0  33.1   2.41   1.3   0.0
  2 1990  64  22318  21.5  33.2   2.50   1.5   0.0
  2 1990  65  22138  22.3  32.5   2.60   1.5   0.0
  2 1990  66  20878  22.1  32.0   2.62   1.7   1.6
  2 1990  67  10979  22.5  28.4   2.71   1.0  27.4
  2 1990  68  13139  21.8  29.0   2.54   2.0   0.6
  2 1990  69  17639  22.4  29.1   2.35   1.9   0.0
  2 1990  70  19978  21.5  30.4   2.42   2.0   0.0
  2 1990  71  24478  21.6  30.7   2.32   2.2   0.0
  2 1990  72  18898  22.5  29.6   2.39   2.3   0.0
  2 1990  73  24298  21.9  31.2   2.32   2.2   0.0
  2 1990  74  19258  22.2  31.2   2.47   2.0   1.3
  2 1990  75  10079  20.1  26.7   2.62   1.7   0.0
  2 1990  76  19618  22.1  30.1   2.34   2.1   1.2
  2 1990  77  16019  22.0  30.5   2.41   1.5   2.1
  2 1990  78  13319  23.2  29.0   2.58   1.7   0.0
  2 1990  79  17099  23.1  32.4   2.60   1.1   0.0
  2 1990  80  16379  22.9  32.2   2.62   1.4   0.0
  2 1990  81  24118  23.7  32.9   2.73   1.9   0.0
  2 1990  82  17999  22.7  32.4   2.57   1.6   0.0
  2 1990  83  14939  22.0  33.6   2.54   1.4   0.0
  2 1990  84  21598  20.4  33.2   2.52   1.2   0.0
  2 1990  85  23218  22.0  32.0   2.60   1.8   0.0
  2 1990  86  23758  21.0  32.8   2.42   1.8   0.0
  2 1990  87  20158  21.2  33.0   2.56   1.5   0.0
  2 1990  88  23758  22.4  33.9   2.53   1.4   0.0
  2 1990  89  17999  21.5  33.0   2.56   1.4   0.0
  2 1990  90  25378  22.3  33.2   2.60   1.7   0.0
  2 1990  91  22138  22.3  34.0   2.70   1.4   0.0
  2 1990  92  23758  22.6  33.0   2.72   1.8   0.0
  2 1990  93  25558  22.7  35.2   2.48   1.9   0.0
  2 1990  94  25738  24.5  34.1   2.73   1.8   0.0
  2 1990  95  22138  23.2  32.5   2.76   3.2   0.0
  2 1990  96  19978  20.6  32.8   2.66   2.2   2.4
  2 1990  97  18719  24.0  32.5   2.81   1.8   0.7
  2 1990  98  22678  23.5  33.5   2.73   2.4   0.0
  2 1990  99  20158  25.4  33.2   2.69   2.4   0.0
  2 1990 100  14039  24.3  32.0   2.64   1.6   1.2
  2 1990 101  17819  24.0  34.5   2.71   1.4   0.0
  2 1990 102  22858  23.1  35.5   2.86   1.8   0.0
  2 1990 103  17639  25.3  35.0   2.95   1.0   0.0
  2 1990 104  18719  24.0  34.8   2.92   1.3   0.0
  2 1990 105  18719  25.7  35.1   2.96   1.4   9.6
  2 1990 106  23398  22.4  34.5   2.93   1.5   0.0
  2 1990 107  25378  21.4  35.6   2.64   1.7   0.0
  2 1990 108  21958  21.5  36.0   2.76   1.2   0.0
  2 1990 109  21238  23.5  34.6   2.71   1.4   2.4
  2 1990 110  22318  22.7  36.0   2.91   1.3   0.0
  2 1990 111  21238  24.4  35.5   2.91   1.7   0.0
  2 1990 112  22138  24.0  36.3   2.99   1.4   0.0
  2 1990 113  20158  23.1  36.0   2.71   1.1   1.3
  2 1990 114  20518  25.5  34.6   2.85   2.2   0.0
  2 1990 115  15659  25.9  35.5   3.07   1.3   0.0
  2 1990 116  24658  24.6  35.6   2.89   2.4   0.0
  2 1990 117  26458  26.0  35.7   2.79   2.7   0.0
  2 1990 118  25918  25.0  35.0   2.75   2.8   0.0
  2 1990 119  21238  24.5  35.0   2.85   2.2   0.1
  2 1990 120  23218  25.0  35.6   2.79   2.5   0.0
  2 1990 121  24658  25.5  35.6   2.90   2.2   0.0
  2 1990 122  25738  25.4  35.5   2.79   2.0   0.0
  2 1990 123  21958  24.5  35.1   2.83   1.7   0.0
  2 1990 124  25198  25.5  36.0   2.77   1.5   0.0
  2 1990 125  24658  23.9  36.0   2.73   1.7   0.0
  2 1990 126  19618  25.0  34.3   2.88   1.3  16.2
  2 1990 127  20878  25.6  35.5   3.02   1.2   0.1
  2 1990 128  22858  25.1  35.1   2.97   1.8   0.0
  2 1990 129  24478  25.4  35.5   3.05   2.1   0.0
  2 1990 130  21598  24.8  35.1   3.04   1.7   0.1
  2 1990 131  19438  26.5  35.8   3.13   1.4   0.0
  2 1990 132  20878  26.0  36.5   3.05   1.6   0.0
  2 1990 133  18898  25.2  33.0   2.93   1.7   3.8
  2 1990 134  17999  25.1  35.0   3.07   1.8   0.5
  2 1990 135  19078  25.7  35.1   3.11   2.6   0.0
  2 1990 136  23218  24.7  35.0   2.84   2.4   0.0
  2 1990 137  13319  25.9  32.5   3.10   1.0  76.6
  2 1990 138  12599  24.8  32.0   3.04   1.3   1.9
  2 1990 139  14759  24.7  33.0   2.95   0.8   1.7
  2 1990 140  14939  24.6  33.1   3.12   0.9   5.4
  2 1990 141   9179  25.1  30.5   3.24   0.7  25.0
  2 1990 142  12059  25.0  31.1   3.22   1.2  28.5
  2 1990 143  12599  25.0  32.2   3.24   1.1   0.5
  2 1990 144  17999  25.3  33.0   3.03   1.1   8.1
  2 1990 145  19258  23.7  34.1   3.10   1.0   0.0
  2 1990 146  14759  24.7  33.2   3.13   0.8   1.6
  2 1990 147  14399  24.2  33.5   3.06   0.9  23.5
  2 1990 148  13319  23.6  31.5   3.03   1.0   0.6
  2 1990 149  15119  24.0  33.5   2.97   1.0   0.8
  2 1990 150  14579  23.9  31.7   3.06   1.1  10.5
  2 1990 151   8279  24.8  30.2   2.90   1.6   9.2
  2 1990 152  13499  24.7  32.8   3.05   2.0   4.0
  2 1990 153  21958  23.5  33.5   2.85   1.0   0.0
  2 1990 154  18539  23.5  33.7   2.96   1.1   1.4
  2 1990 155  20338  23.9  34.4   3.13   1.1   0.0
  2 1990 156  23578  23.8  34.4   3.05   1.1   0.0
  2 1990 157  12419  24.6  33.8   3.21   0.7   8.6
  2 1990 158  15839  25.4  33.7   3.02   0.6  21.4
  2 1990 159  18719  24.4  34.8   3.21   0.7   6.4
  2 1990 160  14579  23.6  32.6   3.13   0.8  65.2
  2 1990 161  19978  23.6  35.4   2.96   0.9   5.1
  2 1990 162  20338  24.6  33.5   3.06   1.0   3.6
  2 1990 163  22498  25.1  33.9   3.03   1.1   0.0
  2 1990 164  19978  24.5  33.5   3.15   1.2   0.0
  2 1990 165   7739  24.0  31.1   3.08   2.0  71.5
  2 1990 166  10079  23.2  28.8   2.93   1.2   0.8
  2 1990 167  16379  23.5  32.5   2.95   1.9   0.0
  2 1990 168  20698  25.3  33.5   2.84   1.1   0.0
  2 1990 169  18539  24.6  34.0   3.17   0.9   0.1
  2 1990 170  19618  25.1  33.1   3.18   1.1   0.1
  2 1990 171   9719  23.7  31.2   2.88   0.5  19.8
  2 1990 172   5220  23.9  28.2   2.96   3.8  31.6
  2 1990 173   7739  24.3  28.7   3.04   3.9  17.8
  2 1990 174  12959  24.8  30.9   2.92   1.9   5.8
  2 1990 175  16739  24.7  32.5   3.12   1.3   0.0
  2 1990 176  10259  24.1  29.9   3.09   0.9  62.0
  2 1990 177   9179  24.2  29.1   2.95   2.6  11.5
  2 1990 178   7199  25.1  28.4   2.88   2.2   4.6
  2 1990 179   8999  24.1  27.5   2.90   1.6   6.0
  2 1990 180  19438  23.2  31.8   2.97   1.3   0.0
  2 1990 181  22138  22.9  32.5   3.05   1.1  22.6
  2 1990 182  18719  23.0  33.1   3.05   0.9  10.0
  2 1990 183  15659  23.1  31.0   3.03   0.8   0.2
  2 1990 184  12779  24.0  31.5   3.01   0.7   3.3
  2 1990 185  19618  22.0  32.2   2.81   0.8   0.4
  2 1990 186  16559  23.7  32.4   3.03   1.0   0.0
  2 1990 187  16019  23.6  32.0   3.01   1.1   9.8
  2 1990 188  13859  24.2  30.8   2.93   1.0  25.2
  2 1990 189  16199  23.0  31.1   3.06   1.5   8.2
  2 1990 190  14579  24.0  32.0   2.94   2.3   0.0
  2 1990 191  13679  24.5  31.6   3.06   1.7   0.0
  2 1990 192  17099  23.5  32.1   2.80   1.0   8.2
  2 1990 193  17099  23.5  32.9   3.09   0.8  14.3
  2 1990 194  21598  23.8  34.0   2.98   0.8   0.0
  2 1990 195  20698  24.4  34.0   3.18   1.0   5.5
  2 1990 196  19258  24.0  33.7   2.96   1.0   8.8
  2 1990 197  18898  22.5  32.2   2.89   0.8  17.0
  2 1990 198  17279  23.8  33.2   2.95   0.9  11.8
  2 1990 199  15119  22.6  30.9   2.90   0.6   7.9
  2 1990 200  19078  22.1  31.9   2.91   0.8   2.3
  2 1990 201  12959  23.4  31.4   2.90   1.1  14.2
  2 1990 202  21958  22.6  32.5   2.85   1.4   0.2
  2 1990 203  18898  24.0  33.4   3.01   1.1   0.0
  2 1990 204  15839  23.7  31.8   3.03   0.9   0.7
  2 1990 205  16739  24.7  32.1   3.07   1.9   0.0
  2 1990 206   6839  25.2  28.5   3.05   2.3  43.9
  2 1990 207  12779  22.8  30.5   2.86   2.2  17.4
  2 1990 208   6839  23.4  28.3   2.96   2.6  12.2
  2 1990 209   5400  24.0  27.7   2.87   2.4  27.7
  2 1990 210  11699  22.9  31.2   2.72   1.4   3.2
  2 1990 211  22138  23.7  32.2   2.92   2.3   0.3
  2 1990 212  23578  23.7  33.0   2.98   1.9   0.0
  2 1990 213  19798  24.7  33.0   2.99   2.1   0.0
  2 1990 214  22318  25.5  33.0   3.05   2.8   0.0
  2 1990 215  21778  25.8  34.0   3.16   1.7   0.0
  2 1990 216  15479  24.5  33.0   3.11   0.8  28.6
  2 1990 217  20338  24.8  33.2   3.26   0.8   0.4
  2 1990 218  15659  24.4  32.7   3.11   0.9   3.7
  2 1990 219  16739  24.6  33.2   3.18   1.2  38.1
  2 1990 220  18539  22.3  32.7   2.99   1.4   0.0
  2 1990 221  13499  24.4  32.6   3.11   0.7   0.0
  2 1990 222  18179  23.0  34.5   3.18   0.9   0.0
  2 1990 223  16199  23.0  31.9   2.88   0.8   4.5
  2 1990 224  11879  23.0  29.5   3.05   0.9  14.4
  2 1990 225   6659  23.5  26.1   2.75   0.8   4.4
  2 1990 226  10259  24.0  29.5   3.00   0.7  34.5
  2 1990 227   9179  22.9  29.2   3.02   0.7  14.0
  2 1990 228  14939  22.8  32.2   3.14   2.9  28.0
  2 1990 229   8459  24.0  28.0   2.96   6.6  24.6
  2 1990 230  11879  25.2  29.3   2.78   6.5  32.8
  2 1990 231  17819  25.0  30.3   3.09   6.1  26.2
  2 1990 232  14759  25.9  30.0   2.99   5.5  15.8
  2 1990 233  13859  25.5  31.2   2.95   5.4  10.8
  2 1990 234  10439  25.6  29.2   2.88   4.3   9.0
  2 1990 235  10079  25.6  30.2   3.04   3.1   2.7
  2 1990 236   3600  25.5  28.5   2.99   1.7 167.4
  2 1990 237  12599  22.1  32.0   2.89   2.9  45.5
  2 1990 238  13679  23.4  30.7   2.74   5.2  14.3
  2 1990 239  13679  25.4  29.5   2.92   2.7   5.6
  2 1990 240  12239  24.2  29.2   2.85   1.7   1.6
  2 1990 241  17999  23.0  32.0   2.94   2.6   0.3
  2 1990 242  15299  25.4  32.5   2.81   2.3   0.0
  2 1990 243  16739  25.5  33.0   2.70   2.9   0.0
  2 1990 244   2520  25.9  26.8   2.75   2.0  76.1
  2 1990 245  14759  22.1  30.8   2.58   1.6   0.0
  2 1990 246  16379  24.1  32.7   2.73   1.9   0.7
  2 1990 247  23398  22.9  33.5   2.90   1.3   0.0
  2 1990 248  17999  23.7  33.0   3.06   1.6   0.0
  2 1990 249  16379  24.1  33.0   2.90   3.9   2.6
  2 1990 250   4500  26.0  27.6   2.95   4.0  20.6
  2 1990 251  12239  24.0  29.3   2.82   1.6   3.6
  2 1990 252  20698  23.0  32.5   3.00   2.1   0.0
  2 1990 253  20878  23.5  31.5   2.91   1.0   0.5
  2 1990 254  18719  22.5  31.1   3.02   1.0   0.0
  2 1990 255  17459  22.0  32.0   3.02   0.9   3.0
  2 1990 256  22318  24.4  31.4   3.13   1.3   0.2
  2 1990 257  19438  22.8  32.0   2.97   2.8   0.0
  2 1990 258  16019  26.0  31.4   3.00   2.3   0.9
  2 1990 259  18719  22.7  32.0   2.94   1.3   0.0
  2 1990 260  13859  23.6  31.3   2.99   0.9   5.4
  2 1990 261  19078  23.6  31.1   3.13   1.3   0.0
  2 1990 262  22318  24.0  33.7   3.00   1.0   2.6
  2 1990 263  16559  24.5  31.7   2.84   0.8   0.5
  2 1990 264  14939  24.6  29.6   2.68   1.8   6.3
  2 1990 265   8279  23.7  27.5   2.80   0.7   4.0
  2 1990 266  17819  23.2  32.5   3.00   0.9  39.6
  2 1990 267  21058  24.1  32.4   3.21   1.0  33.6
  2 1990 268  14219  23.7  32.4   3.03   0.6   0.3
  2 1990 269  17999  23.0  32.7   3.04   0.9   1.2
  2 1990 270  14039  23.4  31.8   3.03   0.8   0.0
  2 1990 271  21238  23.0  33.2   2.85   1.1   4.6
  2 1990 272  12779  24.3  30.8   2.85   1.2   5.1
  2 1990 273  12419  24.5  30.9   2.96   1.2   1.4
  2 1990 274  10439  25.1  31.0   2.98   1.1   0.3
  2 1990 275  11555  24.0  28.9   2.95   0.7   0.0
  2 1990 276  20194  23.7  33.4   2.88   0.9   0.0
  2 1990 277  22930  24.9  33.4   2.86   1.5   0.0
  2 1990 278  22498  26.1  33.7   2.88   1.3   0.0
  2 1990 279  19798  24.3  33.7   2.92   1.3   0.0
  2 1990 280  19618  24.4  32.7   2.96   1.1   0.0
  2 1990 281  18611  21.3  33.0   2.64   1.2   6.4
  2 1990 282   5148  24.4  26.3   2.86   0.8  18.2
  2 1990 283   7019  23.8  27.5   2.88   0.9  59.6
  2 1990 284  12203  23.4  29.5   2.86   1.1  33.6
  2 1990 285   7163  23.5  26.5   3.08   0.6  16.4
  2 1990 286  14939  23.8  32.8   2.84   0.8  69.9
  2 1990 287  13067  23.7  30.5   2.94   0.7   0.1
  2 1990 288  14147  24.1  31.5   2.92   0.9  21.2
  2 1990 289  15803  23.2  31.0   2.86   1.0   0.9
  2 1990 290  13319  24.0  31.5   2.91   1.1  28.7
  2 1990 291   8063  23.6  27.0   2.79   0.5  13.4
  2 1990 292  15983  23.2  31.5   2.86   0.9   0.0
  2 1990 293  14291  24.5  31.6   2.92   0.7   1.3
  2 1990 294   7343  23.7  28.5   2.97   1.0   3.5
  2 1990 295  11771  24.3  30.0   2.94   1.1   7.6
  2 1990 296  15767  24.5  31.0   2.89   1.4   0.2
  2 1990 297  13175  24.4  31.2   2.86   1.3   0.0
  2 1990 298  19366  24.2  32.2   2.80   1.4   0.0
  2 1990 299  17855  24.1  32.1   2.81   1.7   0.0
  2 1990 300  16415  23.3  31.4   2.71   1.7   0.0
  2 1990 301  20590  24.0  32.7   2.76   1.9   1.5
  2 1990 302  12491  24.5  31.2   2.92   1.2   6.2
  2 1990 303  21742  23.7  32.3   2.87   2.3   0.0
  2 1990 304  11807  25.1  30.2   2.79   1.4   2.0
  2 1990 305  17027  24.8  32.3   3.10   1.6   0.0
  2 1990 306  15515  24.8  32.0   2.98   1.5   0.0
  2 1990 307  13211  24.6  31.0   2.88   0.7   0.0
  2 1990 308  18395  22.5  33.0   2.89   1.0   0.0
  2 1990 309  13607  23.9  32.2   2.80   0.8   0.2
  2 1990 310  15947  24.5  32.6   2.95   1.1   0.0
  2 1990 311  13715  24.6  31.8   2.94   1.2  20.9
  2 1990 312   8099  24.5  28.5   2.91   1.1  10.0
  2 1990 313  18287  23.6  32.5   2.83   1.2   0.1
  2 1990 314  18431  23.8  32.2   2.97   1.5   0.0
  2 1990 315  14363  24.2  30.6   2.76   1.5  51.4
  2 1990 316   7595  23.6  27.4   2.67   2.3  69.1
  2 1990 317   2988  23.0  28.1   2.69   3.0 111.2
  2 1990 318  13067  21.3  30.5   2.74   2.3   3.9
  2 1990 319  20302  23.7  32.1   2.98   1.6   4.5
  2 1990 320  13571  22.9  30.6   2.71   1.1  10.8
  2 1990 321   8891  21.5  29.5   2.68   0.7   1.4
  2 1990 322   7415  23.0  28.8   2.81   1.2  43.8
  2 1990 323  16739  23.5  32.0   2.92   1.6   0.0
  2 1990 324  18395  25.4  31.6   2.93   1.8   0.8
  2 1990 325  11915  24.5  31.0   2.76   2.6   3.1
  2 1990 326  14687  23.5  30.5   2.72   2.3   3.6
  2 1990 327  11411  24.0  30.0   2.65   1.9   6.6
  2 1990 328   9467  23.5  29.0   2.65   1.5   0.9
  2 1990 329  18287  22.4  30.4   2.41   1.5   0.6
  2 1990 330  13967  23.0  30.5   2.73   2.2   0.1
  2 1990 331  14687  20.5  30.2   2.54   1.0   0.0
  2 1990 332  15587  20.9  32.1   2.65   1.8   0.0
  2 1990 333  15623  22.2  30.4   2.62   1.0   0.0
  2 1990 334  13715  21.1  29.8   2.46   1.5   0.0
  2 1990 335  13859  22.0  29.4   2.48   1.6   0.0
  2 1990 336  11159  22.5  29.0   2.26   2.2   2.2
  2 1990 337  12059  23.0  27.5   2.27   3.6   0.6
  2 1990 338   6767  23.6  27.1   2.39   2.8   0.8
  2 1990 339   5688  22.7  27.0   2.65   2.0   0.9
  2 1990 340  16307  21.5  31.6   2.77   2.1   0.2
  2 1990 341  15587  23.5  30.2   2.77   2.5   8.4
  2 1990 342   6515  23.0  25.8   2.75   0.8  47.8
  2 1990 343  15875  16.2  30.0   2.77   2.0   0.0
  2 1990 344  13571  22.5  31.0   2.64   1.6   0.2
  2 1990 345  12887  23.0  30.0   2.62   1.6   0.2
  2 1990 346  16415  24.0  31.5   2.72   2.1   0.0
  2 1990 347  18862  23.7  31.9   2.66   2.2   1.1
  2 1990 348  13535  22.9  30.9   2.67   1.9   6.4
  2 1990 349   7991  24.0  27.0   2.87   1.4  45.0
  2 1990 350   9971  23.4  28.1   2.82   1.7   3.3
  2 1990 351  10295  23.4  28.5   2.77   1.3   1.6
  2 1990 352  16667  23.5  30.5   2.61   1.7   0.0
  2 1990 353  19258  22.4  31.6   2.59   1.4   0.0
  2 1990 354  19330  21.0  33.1   2.41   0.7   0.0
  2 1990 355  17891  21.2  31.6   2.64   0.8   0.1
  2 1990 356   9287  23.2  28.1   2.69   1.1  10.9
  2 1990 357   9287  22.5  27.5   2.57   1.8   1.5
  2 1990 358  10907  22.0  28.4   2.45   1.8   5.1
  2 1990 359  10979  21.5  28.1   2.46   1.9   0.3
  2 1990 360  17603  22.5  30.0   2.50   1.9   0.0
  2 1990 361  17927  21.9  30.0   2.29   2.4   0.0
  2 1990 362  11699  22.7  29.0   2.45   1.9   0.3
  2 1990 363  11123  23.0  31.9   2.73   1.1  25.3
  2 1990 364  13679  23.5  29.2   2.56   1.8   0.1
  2 1990 365  14363  23.4  29.7   2.60   1.4   1.2
";}}s:20:"custom_result_object";a:0:{}s:11:"current_row";i:0;s:8:"num_rows";i:1;s:8:"row_data";N;}