O:12:"CI_DB_result":8:{s:7:"conn_id";N;s:9:"result_id";N;s:12:"result_array";a:1:{i:0;a:9:{s:2:"id";s:1:"7";s:7:"country";s:9:"Indonesia";s:12:"station_code";s:2:"43";s:12:"country_code";s:4:"indo";s:13:"site_latitude";s:6:"111.17";s:14:"site_longitude";s:4:"6.75";s:13:"site_altitude";s:3:"7.0";s:4:"year";s:4:"1991";s:4:"data";s:20476:"111.17   6.75    7.0   0.00   0.00
    43  1991     1  8368  23.5  31.5  2.51   0.8   0.0
    43  1991     2 14310  23.5  31.5  2.51   0.9   0.0
    43  1991     3  3054  24.0  29.0  2.68   0.8   0.0
    43  1991     4 21464  23.5  32.0  2.60   0.9   0.0
    43  1991     5 14603  24.5  31.0  2.54   0.6   2.0
    43  1991     6  9582  23.0  31.0  2.43   0.5   7.0
    43  1991     7 20251  22.5  31.5  2.25   0.9   1.0
    43  1991     8  4226  22.0  28.5  2.16   0.9  64.0
    43  1991     9 20251  22.5  33.0  2.36   1.1  11.0
    43  1991    10 17908  24.5  32.5  2.54   1.1   4.0
    43  1991    11 13138  23.0  32.5  2.32   1.0   0.0
    43  1991    12  8368  24.0  30.5  2.38   1.1   0.0
    43  1991    13 18536  23.5  32.0  2.51   1.1   0.0
    43  1991    14 15481  24.5  31.5  2.76   1.0  19.0
    43  1991    15 15481  22.0  32.0  2.37   1.0   0.0
    43  1991    16 17908  23.5  32.0  2.39   1.0   0.0
    43  1991    17 13724  24.0  32.5  2.47   0.9   0.0
    43  1991    18 13138  24.5  33.0  2.30   1.0   0.0
    43  1991    19 15481  23.5  33.0  2.39   0.9   7.0
    43  1991    20 17280  24.5  33.5  2.67   1.0   0.0
    43  1991    21 14310  24.5  33.0  2.54   1.1   0.0
    43  1991    22 11967  25.0  31.0  2.75   1.0   0.0
    43  1991    23  6611  25.0  31.0  2.75   1.0   0.0
    43  1991    24  4226  24.0  30.5  2.59   1.2  13.0
    43  1991    25 13724  23.0  32.0  2.43   0.8   0.0
    43  1991    26  8996  23.0  31.5  2.43   0.9   3.0
    43  1991    27 19665  23.0  33.0  2.24   0.9   0.0
    43  1991    28 14310  24.5  32.5  2.45   1.0   0.0
    43  1991    29 10167  24.0  31.5  2.38   0.9   0.0
    43  1991    30  6025  25.0  30.5  2.53   1.0   0.0
    43  1991    31  7197  25.0  31.0  2.84   0.8   0.0
    43  1991    32  3640  23.5  30.5  2.60   0.8   0.0
    43  1991    33  8368  23.0  30.0  2.29   0.7  18.0
    43  1991    34 10167  23.5  30.5  2.51   1.1   7.0
    43  1991    35  2469  23.5  28.5  2.51   1.0   0.0
    43  1991    36  3054  22.5  29.5  2.44   0.9  27.0
    43  1991    37  1841  23.5  29.0  2.39   0.8   4.0
    43  1991    38  1841  23.0  27.5  2.41   0.9  22.0
    43  1991    39  3640  23.5  28.0  2.39   0.9   4.0
    43  1991    40 12552  23.0  31.5  2.43   0.7   5.0
    43  1991    41 10753  23.0  31.5  2.21   0.8   2.0
    43  1991    42  3054  23.5  30.0  2.60   0.8   6.0
    43  1991    43  4226  23.5  29.0  2.37   0.9  32.0
    43  1991    44  8996  22.5  30.5  2.04   0.9   0.0
    43  1991    45 12552  23.0  30.5  2.32   0.8   0.0
    43  1991    46  1841  21.5  31.5  2.22   0.7   0.0
    43  1991    47  4226  21.5  29.0  2.22   0.8  31.0
    43  1991    48  3054  23.5  30.0  2.48   1.1  13.0
    43  1991    49  3640  23.0  30.0  2.41   0.9   8.0
    43  1991    50  6611  24.0  31.0  2.44   1.0   8.0
    43  1991    51  7782  23.5  29.5  2.51   1.0   0.0
    43  1991    52  6025  23.0  28.5  2.41   1.1   8.0
    43  1991    53  6611  22.5  28.0  2.23   1.3   2.0
    43  1991    54  9582  21.5  29.0  2.20   0.8  18.0
    43  1991    55 11339  24.0  30.0  2.68   1.2   6.0
    43  1991    56  8996  23.5  30.5  2.48   1.2   7.0
    43  1991    57 11339  23.5  31.5  2.51   1.0   8.0
    43  1991    58 11339  24.0  31.5  2.59   0.8   0.0
    43  1991    59 13724  22.5  31.5  2.25   0.8   1.0
    43  1991    60 14419  22.5  30.0  2.25   0.8  45.0
    43  1991    61 13292  24.0  30.0  2.59   0.8   3.0
    43  1991    62 14127  23.0  29.5  2.43   1.0   3.0
    43  1991    63 12500  23.0  31.0  2.10   0.8   4.0
    43  1991    64 12360  23.5  29.5  2.39   1.0   0.0
    43  1991    65 15354  24.0  31.0  2.47   1.1   7.0
    43  1991    66 13923  22.5  29.5  2.25   0.7   0.0
    43  1991    67 14671  23.5  29.0  2.39   1.0  35.0
    43  1991    68 15752  23.0  29.0  2.41   0.8   4.0
    43  1991    69 16083  23.0  30.0  2.32   0.7  14.0
    43  1991    70 14719  24.0  31.0  2.47   0.9   4.0
    43  1991    71 14762  23.5  30.5  2.39   0.7   0.0
    43  1991    72 14886  23.5  30.5  2.39   0.7   0.0
    43  1991    73 16281  24.0  31.0  2.47   0.8   0.0
    43  1991    74 15225  22.5  31.5  2.36   0.7   0.0
    43  1991    75 15366  23.0  31.5  2.43   0.8   0.0
    43  1991    76 16974  23.5  32.0  2.28   0.7  41.0
    43  1991    77 14429  24.0  31.5  2.47   0.8   0.0
    43  1991    78 14159  24.0  30.0  2.59   0.7   0.0
    43  1991    79 15970  25.0  31.5  2.62   0.9   0.0
    43  1991    80 14827  23.5  30.5  2.28   0.8   0.0
    43  1991    81 16547  25.0  29.5  2.62   0.9   0.0
    43  1991    82 13764  24.0  30.0  2.47   0.8  14.0
    43  1991    83 15015  23.5  31.5  2.39   0.8   0.0
    43  1991    84 15254  23.0  31.0  2.32   0.9   0.0
    43  1991    85 14996  23.0  31.5  2.32   0.8   0.0
    43  1991    86 14223  24.0  30.0  2.47   1.1  20.0
    43  1991    87 14667  22.5  31.5  2.14   0.9   0.0
    43  1991    88 14212  21.5  31.0  2.12   0.9   0.0
    43  1991    89 15951  23.0  31.5  2.32   0.9   0.0
    43  1991    90 14819  23.0  32.5  2.32   0.9   0.0
    43  1991    91 14369  23.0  31.5  2.21   0.8  11.0
    43  1991    92 13984  24.5  30.0  2.54   0.8   0.0
    43  1991    93 14574  24.0  30.5  2.47   0.5   0.0
    43  1991    94 15671  23.5  31.0  2.39   0.7   3.0
    43  1991    95 15397  25.0  30.5  2.49   0.9   0.0
    43  1991    96 16389  24.5  30.0  2.54   0.9   5.0
    43  1991    97 15288  23.0  29.5  2.32   0.7   0.0
    43  1991    98 16641  23.5  30.0  2.31   1.1   6.0
    43  1991    99 14565  24.0  31.5  2.47   0.8   0.0
    43  1991   100 15940  25.0  32.0  2.62   0.8   0.0
    43  1991   101 14787  23.5  30.5  2.51   0.9   0.0
    43  1991   102 14902  24.0  30.0  2.47   0.8   0.0
    43  1991   103 17153  24.0  29.5  2.47   0.9  28.0
    43  1991   104 15466  23.5  29.5  2.39   0.8  28.0
    43  1991   105 14273  24.5  31.5  2.67   0.8   8.0
    43  1991   106 13599  24.5  30.5  2.42   0.9   0.0
    43  1991   107 15438  24.0  31.5  2.47   0.9  60.0
    43  1991   108 16877  23.5  30.0  2.51   0.8   0.0
    43  1991   109 16275  24.0  32.5  2.47   1.0   0.0
    43  1991   110 16393  24.5  30.5  2.67   0.9   0.0
    43  1991   111 14949  24.5  29.5  2.67   1.1   0.0
    43  1991   112 14658  24.0  31.0  2.59   1.0   7.0
    43  1991   113 15498  23.5  29.5  2.39   0.8   0.0
    43  1991   114 16435  24.0  29.5  2.47   1.0  10.0
    43  1991   115 13285  25.0  30.5  2.75   0.8  31.0
    43  1991   116 15540  24.0  31.0  2.59   1.2   2.0
    43  1991   117 15608  23.5  31.5  2.51   1.2   0.0
    43  1991   118 14776  24.0  30.5  2.35   1.0   0.0
    43  1991   119 14680  23.5  31.0  2.39   0.9  22.0
    43  1991   120 14830  24.0  31.0  2.59   0.9   0.0
    43  1991   121 14023  24.0  31.5  2.38   0.8   0.0
    43  1991   122 15216  24.5  31.5  2.54   1.0   0.0
    43  1991   123 15406  23.5  31.0  2.16   1.1   0.0
    43  1991   124 16314  24.5  32.5  2.54   1.0   0.0
    43  1991   125 16560  25.0  31.0  2.53   1.0   0.0
    43  1991   126 16041  25.0  32.0  2.62   1.2   8.0
    43  1991   127 14443  24.5  31.0  2.54   1.0   0.0
    43  1991   128 16322  22.0  30.5  2.08   1.0   0.0
    43  1991   129 15289  23.5  30.5  2.39   1.0   0.0
    43  1991   130 15395  21.5  32.0  2.22   0.8   1.0
    43  1991   131 15726  22.5  31.5  2.25   1.0   0.0
    43  1991   132 15305  23.5  32.0  2.39   0.8   0.0
    43  1991   133 16893  24.5  32.5  2.54   0.7   0.0
    43  1991   134 14722  22.5  33.0  2.17   0.7   0.0
    43  1991   135 14838  23.5  32.5  2.39   0.7   1.0
    43  1991   136 15652  24.5  30.5  2.54   1.0   0.0
    43  1991   137 14068  25.0  32.0  2.75   0.6  23.0
    43  1991   138 15543  24.5  30.5  2.54   0.7   0.0
    43  1991   139 16179  24.0  30.0  2.47   0.8   5.0
    43  1991   140 15903  24.0  31.5  2.35   0.8   5.0
    43  1991   141 15723  24.5  31.0  2.45   0.8   0.0
    43  1991   142 16773  23.5  30.5  2.19   0.8   0.0
    43  1991   143 15640  22.0  31.5  2.11   0.9   4.0
    43  1991   144 14172  22.0  31.5  2.08   1.0   0.0
    43  1991   145 16319  22.0  30.5  2.19   0.9   7.0
    43  1991   146 16000  23.5  31.5  2.39   0.9   0.0
    43  1991   147 14543  24.5  32.0  2.54   0.8   0.0
    43  1991   148 14909  24.0  33.0  2.35   0.8   0.0
    43  1991   149 15603  24.0  32.5  2.38   0.8   0.0
    43  1991   150 14008  23.5  32.5  2.39   0.9   0.0
    43  1991   151 14945  23.5  30.5  2.39   0.9   0.0
    43  1991   152 15063  24.0  30.0  2.47   1.0   0.0
    43  1991   153 14832  23.5  30.0  2.31   1.1  26.0
    43  1991   154 15393  24.5  31.5  2.30   1.1  25.0
    43  1991   155 15804  25.0  32.5  2.62   1.2   0.0
    43  1991   156 15556  24.5  32.0  2.42   1.1   0.0
    43  1991   157 15196  23.5  30.5  2.39   1.2   0.0
    43  1991   158 15032  23.0  31.5  2.32   1.2   0.0
    43  1991   159 13736  23.5  30.5  2.39   1.3   3.0
    43  1991   160 13097  24.5  33.0  2.54   1.1   0.0
    43  1991   161 14100  24.0  32.5  2.23   1.2   0.0
    43  1991   162 14082  24.5  31.5  2.54   1.1   0.0
    43  1991   163 14340  24.5  32.5  2.54   1.0   0.0
    43  1991   164 14806  23.5  30.5  2.31   1.3   0.0
    43  1991   165 15438  23.0  30.0  2.24   1.3   1.0
    43  1991   166 14942  23.5  30.0  2.28   1.3   3.0
    43  1991   167 15835  21.5  30.5  2.04   1.3   3.0
    43  1991   168 15410  23.5  31.0  2.39   1.1   8.0
    43  1991   169 15550  23.0  32.5  2.24   1.2   0.0
    43  1991   170 16525  24.0  29.5  2.23   1.2   0.0
    43  1991   171 15286  23.5  30.5  2.39   1.2  74.0
    43  1991   172 14193  24.0  30.0  2.47   1.2   2.0
    43  1991   173 15532  23.5  32.5  2.39   1.2   0.0
    43  1991   174 14641  24.5  32.0  2.54   1.1   0.0
    43  1991   175 14637  24.0  33.5  2.47   1.4   0.0
    43  1991   176 15369  24.0  33.0  2.38   1.4   0.0
    43  1991   177 15563  22.5  32.5  2.25   1.4   0.0
    43  1991   178 17578  22.5  30.5  2.14   1.4   1.0
    43  1991   179 14692  23.5  31.5  2.31   1.3   5.0
    43  1991   180 15154  22.5  32.5  2.25   1.4   4.0
    43  1991   181 14294  23.5  31.5  2.39   1.4   0.0
    43  1991   182 15877  23.0  31.8  2.38   1.5   0.0
    43  1991   183 15979  22.8  32.0  2.35   1.4   0.0
    43  1991   184 16384  23.2  32.0  2.41   1.4   0.0
    43  1991   185 15755  23.3  31.7  2.40   1.2   0.0
    43  1991   186 14590  23.0  31.7  2.41   1.2   0.0
    43  1991   187 14076  23.1  31.8  2.36   1.2   0.0
    43  1991   188 13835  22.6  31.0  2.29   1.6   0.0
    43  1991   189 15633  22.9  31.5  2.32   1.5   0.0
    43  1991   190 16682  23.1  31.6  2.32   1.6   0.0
    43  1991   191 15483  22.7  31.7  2.34   1.4  28.0
    43  1991   192 14239  23.3  31.2  2.41   1.7   1.0
    43  1991   193 15167  22.7  31.6  2.29   1.6   0.0
    43  1991   194 16133  22.9  31.5  2.32   1.5   0.0
    43  1991   195 14402  22.8  31.7  2.30   1.5   0.0
    43  1991   196 15508  22.5  31.5  2.32   1.3  10.0
    43  1991   197 16390  22.8  31.6  2.30   1.4   0.0
    43  1991   198 15905  22.7  31.8  2.28   1.7   0.0
    43  1991   199 17098  22.5  32.0  2.25   1.5   0.0
    43  1991   200 17370  22.6  31.7  2.26   1.5  16.0
    43  1991   201 15940  22.4  31.6  2.29   1.3  13.0
    43  1991   202 17477  22.7  31.8  2.33   1.3   5.0
    43  1991   203 17249  22.8  31.8  2.38   1.3   0.0
    43  1991   204 16903  22.8  31.9  2.34   1.4   0.0
    43  1991   205 16376  22.7  31.7  2.32   1.4   0.0
    43  1991   206 14981  22.9  31.7  2.32   1.4  25.0
    43  1991   207 15744  23.0  31.8  2.32   1.5   8.0
    43  1991   208 17621  22.6  31.8  2.29   1.6   8.0
    43  1991   209 14682  22.5  31.6  2.27   1.4   0.0
    43  1991   210 16545  22.7  31.4  2.32   1.7   0.0
    43  1991   211 16949  22.7  31.7  2.35   1.5   0.0
    43  1991   212 17034  22.9  31.8  2.32   1.8   0.0
    43  1991   213 17449  23.0  31.4  2.20   1.9   0.0
    43  1991   214 16726  23.0  32.0  2.24   1.6   0.0
    43  1991   215 17911  22.9  32.0  2.23   1.5   0.0
    43  1991   216 17443  22.8  32.1  2.22   1.9   7.0
    43  1991   217 16983  23.0  32.1  2.22   1.8   2.0
    43  1991   218 16836  23.2  32.1  2.28   1.9   0.0
    43  1991   219 17857  23.0  32.2  2.28   1.7   0.0
    43  1991   220 17553  22.8  31.5  2.28   2.1   0.0
    43  1991   221 18121  22.9  32.0  2.23   1.6   0.0
    43  1991   222 17529  22.4  31.9  2.16   1.9   0.0
    43  1991   223 17567  22.3  32.2  2.14   1.8   0.0
    43  1991   224 17304  22.4  32.1  2.13   1.6   0.0
    43  1991   225 17668  22.7  32.0  2.21   2.0   0.0
    43  1991   226 17664  22.6  32.2  2.27   1.7   0.0
    43  1991   227 16740  22.9  32.0  2.16   1.9   0.0
    43  1991   228 17546  23.1  32.3  2.24   1.9   0.0
    43  1991   229 17950  22.6  32.6  2.19   1.7   0.0
    43  1991   230 18249  22.7  32.3  2.18   2.0   0.0
    43  1991   231 17262  22.3  32.3  2.16   1.8   0.0
    43  1991   232 18914  22.3  32.4  2.11   1.7   0.0
    43  1991   233 18497  22.2  32.3  2.09   1.8   0.0
    43  1991   234 18380  22.7  32.4  2.15   2.0   0.0
    43  1991   235 17885  22.8  32.2  2.18   2.1   0.0
    43  1991   236 18044  22.8  32.4  2.20   1.9   0.0
    43  1991   237 18337  23.0  32.4  2.26   2.1   0.0
    43  1991   238 18370  23.0  32.4  2.23   1.8   0.0
    43  1991   239 17977  22.7  32.3  2.25   2.0   0.0
    43  1991   240 18040  22.9  32.3  2.30   2.1   1.0
    43  1991   241 17854  22.9  32.3  2.26   1.8   0.0
    43  1991   242 18641  23.0  32.4  2.22   1.7  62.0
    43  1991   243 18371  22.7  32.4  2.20   1.8   0.0
    43  1991   244 18270  23.1  32.7  2.26   1.8   0.0
    43  1991   245 19202  23.4  32.8  2.29   1.9   0.0
    43  1991   246 19506  23.4  32.7  2.29   1.8   0.0
    43  1991   247 19959  23.1  32.9  2.31   1.9   0.0
    43  1991   248 18969  23.3  32.7  2.31   2.1   0.0
    43  1991   249 18698  23.2  32.6  2.33   1.9   0.0
    43  1991   250 17583  23.5  32.6  2.32   2.0   0.0
    43  1991   251 18141  23.2  32.5  2.34   2.3   1.0
    43  1991   252 18062  23.6  32.6  2.28   2.0   0.0
    43  1991   253 17844  23.4  32.9  2.29   1.8   0.0
    43  1991   254 18457  23.5  32.9  2.35   2.5   3.0
    43  1991   255 19411  23.2  33.0  2.33   2.5   0.0
    43  1991   256 19009  23.9  32.8  2.47   2.4   0.0
    43  1991   257 17997  23.3  33.0  2.29   2.2   0.0
    43  1991   258 18679  22.8  32.8  2.17   1.9   0.0
    43  1991   259 18897  23.3  32.5  2.24   1.9   0.0
    43  1991   260 18333  23.3  32.8  2.26   1.6   0.0
    43  1991   261 17737  23.3  32.8  2.21   1.8   0.0
    43  1991   262 18431  23.3  32.9  2.27   2.0   0.0
    43  1991   263 19350  23.3  32.7  2.28   1.8   1.0
    43  1991   264 19557  23.2  32.9  2.26   1.8   0.0
    43  1991   265 18545  23.4  33.2  2.31   2.0   0.0
    43  1991   266 19038  23.5  32.7  2.25   2.0   0.0
    43  1991   267 17671  23.3  32.9  2.30   1.8   0.0
    43  1991   268 18316  23.1  32.9  2.26   1.7   0.0
    43  1991   269 17229  23.4  32.3  2.34   1.5   0.0
    43  1991   270 18146  23.3  32.7  2.27   1.7   0.0
    43  1991   271 18828  23.3  32.7  2.32   1.8   0.0
    43  1991   272 20160  23.1  33.1  2.27   1.7   0.0
    43  1991   273 21305  23.4  33.0  2.31   1.7   0.0
    43  1991   274 19677  23.9  32.8  2.36   1.9   0.0
    43  1991   275 19842  23.8  32.8  2.33   1.9   0.0
    43  1991   276 18104  23.8  32.5  2.37   1.9   0.0
    43  1991   277 17561  23.8  32.8  2.38   1.8   0.0
    43  1991   278 19248  23.6  33.2  2.37   1.8   0.0
    43  1991   279 18429  23.8  32.9  2.33   1.8   0.0
    43  1991   280 18987  23.8  33.1  2.31   1.6   0.0
    43  1991   281 19072  23.6  33.3  2.32   1.4   0.0
    43  1991   282 19046  23.3  32.9  2.22   1.6   0.0
    43  1991   283 18693  23.5  32.6  2.29   1.6   0.0
    43  1991   284 18661  23.5  33.1  2.32   1.7   0.0
    43  1991   285 19404  23.9  33.3  2.39   1.7   0.0
    43  1991   286 18940  24.0  33.2  2.39   1.9   0.0
    43  1991   287 19412  23.9  33.1  2.36   1.7   0.0
    43  1991   288 18774  24.0  33.1  2.37   1.7   0.0
    43  1991   289 18250  23.8  32.3  2.36   1.6   0.0
    43  1991   290 18791  24.1  32.8  2.38   1.5   0.0
    43  1991   291 19202  24.1  33.0  2.44   1.4   0.0
    43  1991   292 19780  24.0  32.7  2.41   1.6   0.0
    43  1991   293 20050  24.0  32.6  2.36   1.4   0.0
    43  1991   294 17462  23.8  32.5  2.41   1.2   0.0
    43  1991   295 18873  23.6  32.5  2.38   1.7  26.0
    43  1991   296 18706  23.6  32.7  2.37   1.5   4.0
    43  1991   297 18016  23.9  32.8  2.39   1.4   0.0
    43  1991   298 17168  23.8  32.5  2.38   1.6   0.0
    43  1991   299 16896  23.7  32.4  2.36   1.2   0.0
    43  1991   300 17251  23.4  32.4  2.33   1.8  41.0
    43  1991   301 18069  23.4  32.5  2.31   2.0   1.0
    43  1991   302 17197  23.9  32.6  2.43   1.4   9.0
    43  1991   303 17198  23.9  32.6  2.49   1.5   1.0
    43  1991   304 17499  23.6  32.4  2.40   1.5   0.0
    43  1991   305 17844  24.1  32.5  2.38   1.3   0.0
    43  1991   306 18060  24.1  32.9  2.45   1.3   0.0
    43  1991   307 18595  23.7  33.1  2.38   1.3   0.0
    43  1991   308 18886  24.2  33.1  2.48   1.4   0.0
    43  1991   309 18092  23.9  32.7  2.40   1.3   0.0
    43  1991   310 17532  24.3  33.0  2.41   1.3   0.0
    43  1991   311 17918  24.2  32.9  2.44   1.1   7.0
    43  1991   312 16820  23.9  33.0  2.41   1.2  19.0
    43  1991   313 15777  23.8  32.7  2.36   1.2   1.0
    43  1991   314 16835  24.2  32.6  2.42   1.4  16.0
    43  1991   315 17543  24.1  32.4  2.45   1.5   0.0
    43  1991   316 16571  23.9  32.5  2.40   1.3   0.0
    43  1991   317 15286  24.4  32.3  2.49   1.2   0.0
    43  1991   318 16521  24.4  32.6  2.55   1.2   2.0
    43  1991   319 15225  23.9  32.4  2.46   1.1  41.0
    43  1991   320 16314  23.7  32.2  2.37   1.2  18.0
    43  1991   321 15354  23.9  32.2  2.43   1.3   0.0
    43  1991   322 15139  23.8  32.4  2.49   1.0   0.0
    43  1991   323 17855  23.8  32.4  2.48   1.2  16.0
    43  1991   324 17011  23.9  32.6  2.45   1.3   0.0
    43  1991   325 16344  23.8  32.4  2.48   1.0   0.0
    43  1991   326 16160  24.0  32.6  2.44   0.9   0.0
    43  1991   327 17439  23.9  32.7  2.39   1.0   0.0
    43  1991   328 13869  24.0  32.1  2.43   1.2   0.0
    43  1991   329 15918  23.6  31.7  2.51   1.7   0.0
    43  1991   330 15927  23.8  31.7  2.45   1.2   0.0
    43  1991   331 14990  23.8  32.0  2.40   1.0   0.0
    43  1991   332 15295  23.6  31.4  2.40   0.9   0.0
    43  1991   333 15369  23.8  31.9  2.40   0.8   0.0
    43  1991   334 15042  23.5  31.7  2.41   0.7   0.0
    43  1991   335 15239  23.6  32.2  2.41   0.9   0.0
    43  1991   336 12245  23.9  31.5  2.45   0.9  14.0
    43  1991   337 14794  24.0  31.9  2.50   0.9   0.0
    43  1991   338 15320  23.9  31.6  2.49   1.1   3.0
    43  1991   339 13712  23.9  31.7  2.50   1.1   0.0
    43  1991   340 16012  23.8  31.3  2.51   1.0   6.0
    43  1991   341 16075  23.5  31.8  2.42   0.9   0.0
    43  1991   342 15309  23.6  31.6  2.47   0.8  26.0
    43  1991   343 14387  23.7  31.9  2.48   0.8  36.0
    43  1991   344 15151  23.8  31.6  2.50   1.1   0.0
    43  1991   345 13407  23.6  31.3  2.47   0.9   0.0
    43  1991   346 12850  23.7  31.1  2.48   0.9   0.0
    43  1991   347 14309  23.6  30.9  2.46   0.8   0.0
    43  1991   348 13950  23.7  31.1  2.48   0.8  57.0
    43  1991   349 12881  23.8  31.0  2.48   0.8   0.0
    43  1991   350 13597  23.4  31.0  2.38   0.7   9.0
    43  1991   351 14140  23.7  31.4  2.42   0.8  39.0
    43  1991   352 14977  23.7  31.4  2.45   1.1   4.0
    43  1991   353 13790  23.8  31.0  2.47   1.1   4.0
    43  1991   354 13923  23.8  31.4  2.44   0.9   0.0
    43  1991   355 15113  23.8  31.5  2.49   0.7   0.0
    43  1991   356 14880  23.4  31.5  2.44   0.7  29.0
    43  1991   357 14492  23.5  31.0  2.47   0.7   0.0
    43  1991   358 15310  23.6  31.1  2.44   0.7   0.0
    43  1991   359 14909  23.5  31.0  2.44   0.9   0.0
    43  1991   360 13962  23.6  30.9  2.46   0.8   6.0
    43  1991   361 12616  23.5  30.5  2.42   0.9   3.0
    43  1991   362 15192  23.5  30.2  2.49   0.7   0.0
    43  1991   363 14082  23.4  30.7  2.40   0.9  16.0
    43  1991   364 13105  23.6  30.5  2.47   0.7   0.0
    43  1991   365 14132  23.3  30.9  2.43   0.8   0.0
";}}s:13:"result_object";a:1:{i:0;O:8:"stdClass":9:{s:2:"id";s:1:"7";s:7:"country";s:9:"Indonesia";s:12:"station_code";s:2:"43";s:12:"country_code";s:4:"indo";s:13:"site_latitude";s:6:"111.17";s:14:"site_longitude";s:4:"6.75";s:13:"site_altitude";s:3:"7.0";s:4:"year";s:4:"1991";s:4:"data";s:20476:"111.17   6.75    7.0   0.00   0.00
    43  1991     1  8368  23.5  31.5  2.51   0.8   0.0
    43  1991     2 14310  23.5  31.5  2.51   0.9   0.0
    43  1991     3  3054  24.0  29.0  2.68   0.8   0.0
    43  1991     4 21464  23.5  32.0  2.60   0.9   0.0
    43  1991     5 14603  24.5  31.0  2.54   0.6   2.0
    43  1991     6  9582  23.0  31.0  2.43   0.5   7.0
    43  1991     7 20251  22.5  31.5  2.25   0.9   1.0
    43  1991     8  4226  22.0  28.5  2.16   0.9  64.0
    43  1991     9 20251  22.5  33.0  2.36   1.1  11.0
    43  1991    10 17908  24.5  32.5  2.54   1.1   4.0
    43  1991    11 13138  23.0  32.5  2.32   1.0   0.0
    43  1991    12  8368  24.0  30.5  2.38   1.1   0.0
    43  1991    13 18536  23.5  32.0  2.51   1.1   0.0
    43  1991    14 15481  24.5  31.5  2.76   1.0  19.0
    43  1991    15 15481  22.0  32.0  2.37   1.0   0.0
    43  1991    16 17908  23.5  32.0  2.39   1.0   0.0
    43  1991    17 13724  24.0  32.5  2.47   0.9   0.0
    43  1991    18 13138  24.5  33.0  2.30   1.0   0.0
    43  1991    19 15481  23.5  33.0  2.39   0.9   7.0
    43  1991    20 17280  24.5  33.5  2.67   1.0   0.0
    43  1991    21 14310  24.5  33.0  2.54   1.1   0.0
    43  1991    22 11967  25.0  31.0  2.75   1.0   0.0
    43  1991    23  6611  25.0  31.0  2.75   1.0   0.0
    43  1991    24  4226  24.0  30.5  2.59   1.2  13.0
    43  1991    25 13724  23.0  32.0  2.43   0.8   0.0
    43  1991    26  8996  23.0  31.5  2.43   0.9   3.0
    43  1991    27 19665  23.0  33.0  2.24   0.9   0.0
    43  1991    28 14310  24.5  32.5  2.45   1.0   0.0
    43  1991    29 10167  24.0  31.5  2.38   0.9   0.0
    43  1991    30  6025  25.0  30.5  2.53   1.0   0.0
    43  1991    31  7197  25.0  31.0  2.84   0.8   0.0
    43  1991    32  3640  23.5  30.5  2.60   0.8   0.0
    43  1991    33  8368  23.0  30.0  2.29   0.7  18.0
    43  1991    34 10167  23.5  30.5  2.51   1.1   7.0
    43  1991    35  2469  23.5  28.5  2.51   1.0   0.0
    43  1991    36  3054  22.5  29.5  2.44   0.9  27.0
    43  1991    37  1841  23.5  29.0  2.39   0.8   4.0
    43  1991    38  1841  23.0  27.5  2.41   0.9  22.0
    43  1991    39  3640  23.5  28.0  2.39   0.9   4.0
    43  1991    40 12552  23.0  31.5  2.43   0.7   5.0
    43  1991    41 10753  23.0  31.5  2.21   0.8   2.0
    43  1991    42  3054  23.5  30.0  2.60   0.8   6.0
    43  1991    43  4226  23.5  29.0  2.37   0.9  32.0
    43  1991    44  8996  22.5  30.5  2.04   0.9   0.0
    43  1991    45 12552  23.0  30.5  2.32   0.8   0.0
    43  1991    46  1841  21.5  31.5  2.22   0.7   0.0
    43  1991    47  4226  21.5  29.0  2.22   0.8  31.0
    43  1991    48  3054  23.5  30.0  2.48   1.1  13.0
    43  1991    49  3640  23.0  30.0  2.41   0.9   8.0
    43  1991    50  6611  24.0  31.0  2.44   1.0   8.0
    43  1991    51  7782  23.5  29.5  2.51   1.0   0.0
    43  1991    52  6025  23.0  28.5  2.41   1.1   8.0
    43  1991    53  6611  22.5  28.0  2.23   1.3   2.0
    43  1991    54  9582  21.5  29.0  2.20   0.8  18.0
    43  1991    55 11339  24.0  30.0  2.68   1.2   6.0
    43  1991    56  8996  23.5  30.5  2.48   1.2   7.0
    43  1991    57 11339  23.5  31.5  2.51   1.0   8.0
    43  1991    58 11339  24.0  31.5  2.59   0.8   0.0
    43  1991    59 13724  22.5  31.5  2.25   0.8   1.0
    43  1991    60 14419  22.5  30.0  2.25   0.8  45.0
    43  1991    61 13292  24.0  30.0  2.59   0.8   3.0
    43  1991    62 14127  23.0  29.5  2.43   1.0   3.0
    43  1991    63 12500  23.0  31.0  2.10   0.8   4.0
    43  1991    64 12360  23.5  29.5  2.39   1.0   0.0
    43  1991    65 15354  24.0  31.0  2.47   1.1   7.0
    43  1991    66 13923  22.5  29.5  2.25   0.7   0.0
    43  1991    67 14671  23.5  29.0  2.39   1.0  35.0
    43  1991    68 15752  23.0  29.0  2.41   0.8   4.0
    43  1991    69 16083  23.0  30.0  2.32   0.7  14.0
    43  1991    70 14719  24.0  31.0  2.47   0.9   4.0
    43  1991    71 14762  23.5  30.5  2.39   0.7   0.0
    43  1991    72 14886  23.5  30.5  2.39   0.7   0.0
    43  1991    73 16281  24.0  31.0  2.47   0.8   0.0
    43  1991    74 15225  22.5  31.5  2.36   0.7   0.0
    43  1991    75 15366  23.0  31.5  2.43   0.8   0.0
    43  1991    76 16974  23.5  32.0  2.28   0.7  41.0
    43  1991    77 14429  24.0  31.5  2.47   0.8   0.0
    43  1991    78 14159  24.0  30.0  2.59   0.7   0.0
    43  1991    79 15970  25.0  31.5  2.62   0.9   0.0
    43  1991    80 14827  23.5  30.5  2.28   0.8   0.0
    43  1991    81 16547  25.0  29.5  2.62   0.9   0.0
    43  1991    82 13764  24.0  30.0  2.47   0.8  14.0
    43  1991    83 15015  23.5  31.5  2.39   0.8   0.0
    43  1991    84 15254  23.0  31.0  2.32   0.9   0.0
    43  1991    85 14996  23.0  31.5  2.32   0.8   0.0
    43  1991    86 14223  24.0  30.0  2.47   1.1  20.0
    43  1991    87 14667  22.5  31.5  2.14   0.9   0.0
    43  1991    88 14212  21.5  31.0  2.12   0.9   0.0
    43  1991    89 15951  23.0  31.5  2.32   0.9   0.0
    43  1991    90 14819  23.0  32.5  2.32   0.9   0.0
    43  1991    91 14369  23.0  31.5  2.21   0.8  11.0
    43  1991    92 13984  24.5  30.0  2.54   0.8   0.0
    43  1991    93 14574  24.0  30.5  2.47   0.5   0.0
    43  1991    94 15671  23.5  31.0  2.39   0.7   3.0
    43  1991    95 15397  25.0  30.5  2.49   0.9   0.0
    43  1991    96 16389  24.5  30.0  2.54   0.9   5.0
    43  1991    97 15288  23.0  29.5  2.32   0.7   0.0
    43  1991    98 16641  23.5  30.0  2.31   1.1   6.0
    43  1991    99 14565  24.0  31.5  2.47   0.8   0.0
    43  1991   100 15940  25.0  32.0  2.62   0.8   0.0
    43  1991   101 14787  23.5  30.5  2.51   0.9   0.0
    43  1991   102 14902  24.0  30.0  2.47   0.8   0.0
    43  1991   103 17153  24.0  29.5  2.47   0.9  28.0
    43  1991   104 15466  23.5  29.5  2.39   0.8  28.0
    43  1991   105 14273  24.5  31.5  2.67   0.8   8.0
    43  1991   106 13599  24.5  30.5  2.42   0.9   0.0
    43  1991   107 15438  24.0  31.5  2.47   0.9  60.0
    43  1991   108 16877  23.5  30.0  2.51   0.8   0.0
    43  1991   109 16275  24.0  32.5  2.47   1.0   0.0
    43  1991   110 16393  24.5  30.5  2.67   0.9   0.0
    43  1991   111 14949  24.5  29.5  2.67   1.1   0.0
    43  1991   112 14658  24.0  31.0  2.59   1.0   7.0
    43  1991   113 15498  23.5  29.5  2.39   0.8   0.0
    43  1991   114 16435  24.0  29.5  2.47   1.0  10.0
    43  1991   115 13285  25.0  30.5  2.75   0.8  31.0
    43  1991   116 15540  24.0  31.0  2.59   1.2   2.0
    43  1991   117 15608  23.5  31.5  2.51   1.2   0.0
    43  1991   118 14776  24.0  30.5  2.35   1.0   0.0
    43  1991   119 14680  23.5  31.0  2.39   0.9  22.0
    43  1991   120 14830  24.0  31.0  2.59   0.9   0.0
    43  1991   121 14023  24.0  31.5  2.38   0.8   0.0
    43  1991   122 15216  24.5  31.5  2.54   1.0   0.0
    43  1991   123 15406  23.5  31.0  2.16   1.1   0.0
    43  1991   124 16314  24.5  32.5  2.54   1.0   0.0
    43  1991   125 16560  25.0  31.0  2.53   1.0   0.0
    43  1991   126 16041  25.0  32.0  2.62   1.2   8.0
    43  1991   127 14443  24.5  31.0  2.54   1.0   0.0
    43  1991   128 16322  22.0  30.5  2.08   1.0   0.0
    43  1991   129 15289  23.5  30.5  2.39   1.0   0.0
    43  1991   130 15395  21.5  32.0  2.22   0.8   1.0
    43  1991   131 15726  22.5  31.5  2.25   1.0   0.0
    43  1991   132 15305  23.5  32.0  2.39   0.8   0.0
    43  1991   133 16893  24.5  32.5  2.54   0.7   0.0
    43  1991   134 14722  22.5  33.0  2.17   0.7   0.0
    43  1991   135 14838  23.5  32.5  2.39   0.7   1.0
    43  1991   136 15652  24.5  30.5  2.54   1.0   0.0
    43  1991   137 14068  25.0  32.0  2.75   0.6  23.0
    43  1991   138 15543  24.5  30.5  2.54   0.7   0.0
    43  1991   139 16179  24.0  30.0  2.47   0.8   5.0
    43  1991   140 15903  24.0  31.5  2.35   0.8   5.0
    43  1991   141 15723  24.5  31.0  2.45   0.8   0.0
    43  1991   142 16773  23.5  30.5  2.19   0.8   0.0
    43  1991   143 15640  22.0  31.5  2.11   0.9   4.0
    43  1991   144 14172  22.0  31.5  2.08   1.0   0.0
    43  1991   145 16319  22.0  30.5  2.19   0.9   7.0
    43  1991   146 16000  23.5  31.5  2.39   0.9   0.0
    43  1991   147 14543  24.5  32.0  2.54   0.8   0.0
    43  1991   148 14909  24.0  33.0  2.35   0.8   0.0
    43  1991   149 15603  24.0  32.5  2.38   0.8   0.0
    43  1991   150 14008  23.5  32.5  2.39   0.9   0.0
    43  1991   151 14945  23.5  30.5  2.39   0.9   0.0
    43  1991   152 15063  24.0  30.0  2.47   1.0   0.0
    43  1991   153 14832  23.5  30.0  2.31   1.1  26.0
    43  1991   154 15393  24.5  31.5  2.30   1.1  25.0
    43  1991   155 15804  25.0  32.5  2.62   1.2   0.0
    43  1991   156 15556  24.5  32.0  2.42   1.1   0.0
    43  1991   157 15196  23.5  30.5  2.39   1.2   0.0
    43  1991   158 15032  23.0  31.5  2.32   1.2   0.0
    43  1991   159 13736  23.5  30.5  2.39   1.3   3.0
    43  1991   160 13097  24.5  33.0  2.54   1.1   0.0
    43  1991   161 14100  24.0  32.5  2.23   1.2   0.0
    43  1991   162 14082  24.5  31.5  2.54   1.1   0.0
    43  1991   163 14340  24.5  32.5  2.54   1.0   0.0
    43  1991   164 14806  23.5  30.5  2.31   1.3   0.0
    43  1991   165 15438  23.0  30.0  2.24   1.3   1.0
    43  1991   166 14942  23.5  30.0  2.28   1.3   3.0
    43  1991   167 15835  21.5  30.5  2.04   1.3   3.0
    43  1991   168 15410  23.5  31.0  2.39   1.1   8.0
    43  1991   169 15550  23.0  32.5  2.24   1.2   0.0
    43  1991   170 16525  24.0  29.5  2.23   1.2   0.0
    43  1991   171 15286  23.5  30.5  2.39   1.2  74.0
    43  1991   172 14193  24.0  30.0  2.47   1.2   2.0
    43  1991   173 15532  23.5  32.5  2.39   1.2   0.0
    43  1991   174 14641  24.5  32.0  2.54   1.1   0.0
    43  1991   175 14637  24.0  33.5  2.47   1.4   0.0
    43  1991   176 15369  24.0  33.0  2.38   1.4   0.0
    43  1991   177 15563  22.5  32.5  2.25   1.4   0.0
    43  1991   178 17578  22.5  30.5  2.14   1.4   1.0
    43  1991   179 14692  23.5  31.5  2.31   1.3   5.0
    43  1991   180 15154  22.5  32.5  2.25   1.4   4.0
    43  1991   181 14294  23.5  31.5  2.39   1.4   0.0
    43  1991   182 15877  23.0  31.8  2.38   1.5   0.0
    43  1991   183 15979  22.8  32.0  2.35   1.4   0.0
    43  1991   184 16384  23.2  32.0  2.41   1.4   0.0
    43  1991   185 15755  23.3  31.7  2.40   1.2   0.0
    43  1991   186 14590  23.0  31.7  2.41   1.2   0.0
    43  1991   187 14076  23.1  31.8  2.36   1.2   0.0
    43  1991   188 13835  22.6  31.0  2.29   1.6   0.0
    43  1991   189 15633  22.9  31.5  2.32   1.5   0.0
    43  1991   190 16682  23.1  31.6  2.32   1.6   0.0
    43  1991   191 15483  22.7  31.7  2.34   1.4  28.0
    43  1991   192 14239  23.3  31.2  2.41   1.7   1.0
    43  1991   193 15167  22.7  31.6  2.29   1.6   0.0
    43  1991   194 16133  22.9  31.5  2.32   1.5   0.0
    43  1991   195 14402  22.8  31.7  2.30   1.5   0.0
    43  1991   196 15508  22.5  31.5  2.32   1.3  10.0
    43  1991   197 16390  22.8  31.6  2.30   1.4   0.0
    43  1991   198 15905  22.7  31.8  2.28   1.7   0.0
    43  1991   199 17098  22.5  32.0  2.25   1.5   0.0
    43  1991   200 17370  22.6  31.7  2.26   1.5  16.0
    43  1991   201 15940  22.4  31.6  2.29   1.3  13.0
    43  1991   202 17477  22.7  31.8  2.33   1.3   5.0
    43  1991   203 17249  22.8  31.8  2.38   1.3   0.0
    43  1991   204 16903  22.8  31.9  2.34   1.4   0.0
    43  1991   205 16376  22.7  31.7  2.32   1.4   0.0
    43  1991   206 14981  22.9  31.7  2.32   1.4  25.0
    43  1991   207 15744  23.0  31.8  2.32   1.5   8.0
    43  1991   208 17621  22.6  31.8  2.29   1.6   8.0
    43  1991   209 14682  22.5  31.6  2.27   1.4   0.0
    43  1991   210 16545  22.7  31.4  2.32   1.7   0.0
    43  1991   211 16949  22.7  31.7  2.35   1.5   0.0
    43  1991   212 17034  22.9  31.8  2.32   1.8   0.0
    43  1991   213 17449  23.0  31.4  2.20   1.9   0.0
    43  1991   214 16726  23.0  32.0  2.24   1.6   0.0
    43  1991   215 17911  22.9  32.0  2.23   1.5   0.0
    43  1991   216 17443  22.8  32.1  2.22   1.9   7.0
    43  1991   217 16983  23.0  32.1  2.22   1.8   2.0
    43  1991   218 16836  23.2  32.1  2.28   1.9   0.0
    43  1991   219 17857  23.0  32.2  2.28   1.7   0.0
    43  1991   220 17553  22.8  31.5  2.28   2.1   0.0
    43  1991   221 18121  22.9  32.0  2.23   1.6   0.0
    43  1991   222 17529  22.4  31.9  2.16   1.9   0.0
    43  1991   223 17567  22.3  32.2  2.14   1.8   0.0
    43  1991   224 17304  22.4  32.1  2.13   1.6   0.0
    43  1991   225 17668  22.7  32.0  2.21   2.0   0.0
    43  1991   226 17664  22.6  32.2  2.27   1.7   0.0
    43  1991   227 16740  22.9  32.0  2.16   1.9   0.0
    43  1991   228 17546  23.1  32.3  2.24   1.9   0.0
    43  1991   229 17950  22.6  32.6  2.19   1.7   0.0
    43  1991   230 18249  22.7  32.3  2.18   2.0   0.0
    43  1991   231 17262  22.3  32.3  2.16   1.8   0.0
    43  1991   232 18914  22.3  32.4  2.11   1.7   0.0
    43  1991   233 18497  22.2  32.3  2.09   1.8   0.0
    43  1991   234 18380  22.7  32.4  2.15   2.0   0.0
    43  1991   235 17885  22.8  32.2  2.18   2.1   0.0
    43  1991   236 18044  22.8  32.4  2.20   1.9   0.0
    43  1991   237 18337  23.0  32.4  2.26   2.1   0.0
    43  1991   238 18370  23.0  32.4  2.23   1.8   0.0
    43  1991   239 17977  22.7  32.3  2.25   2.0   0.0
    43  1991   240 18040  22.9  32.3  2.30   2.1   1.0
    43  1991   241 17854  22.9  32.3  2.26   1.8   0.0
    43  1991   242 18641  23.0  32.4  2.22   1.7  62.0
    43  1991   243 18371  22.7  32.4  2.20   1.8   0.0
    43  1991   244 18270  23.1  32.7  2.26   1.8   0.0
    43  1991   245 19202  23.4  32.8  2.29   1.9   0.0
    43  1991   246 19506  23.4  32.7  2.29   1.8   0.0
    43  1991   247 19959  23.1  32.9  2.31   1.9   0.0
    43  1991   248 18969  23.3  32.7  2.31   2.1   0.0
    43  1991   249 18698  23.2  32.6  2.33   1.9   0.0
    43  1991   250 17583  23.5  32.6  2.32   2.0   0.0
    43  1991   251 18141  23.2  32.5  2.34   2.3   1.0
    43  1991   252 18062  23.6  32.6  2.28   2.0   0.0
    43  1991   253 17844  23.4  32.9  2.29   1.8   0.0
    43  1991   254 18457  23.5  32.9  2.35   2.5   3.0
    43  1991   255 19411  23.2  33.0  2.33   2.5   0.0
    43  1991   256 19009  23.9  32.8  2.47   2.4   0.0
    43  1991   257 17997  23.3  33.0  2.29   2.2   0.0
    43  1991   258 18679  22.8  32.8  2.17   1.9   0.0
    43  1991   259 18897  23.3  32.5  2.24   1.9   0.0
    43  1991   260 18333  23.3  32.8  2.26   1.6   0.0
    43  1991   261 17737  23.3  32.8  2.21   1.8   0.0
    43  1991   262 18431  23.3  32.9  2.27   2.0   0.0
    43  1991   263 19350  23.3  32.7  2.28   1.8   1.0
    43  1991   264 19557  23.2  32.9  2.26   1.8   0.0
    43  1991   265 18545  23.4  33.2  2.31   2.0   0.0
    43  1991   266 19038  23.5  32.7  2.25   2.0   0.0
    43  1991   267 17671  23.3  32.9  2.30   1.8   0.0
    43  1991   268 18316  23.1  32.9  2.26   1.7   0.0
    43  1991   269 17229  23.4  32.3  2.34   1.5   0.0
    43  1991   270 18146  23.3  32.7  2.27   1.7   0.0
    43  1991   271 18828  23.3  32.7  2.32   1.8   0.0
    43  1991   272 20160  23.1  33.1  2.27   1.7   0.0
    43  1991   273 21305  23.4  33.0  2.31   1.7   0.0
    43  1991   274 19677  23.9  32.8  2.36   1.9   0.0
    43  1991   275 19842  23.8  32.8  2.33   1.9   0.0
    43  1991   276 18104  23.8  32.5  2.37   1.9   0.0
    43  1991   277 17561  23.8  32.8  2.38   1.8   0.0
    43  1991   278 19248  23.6  33.2  2.37   1.8   0.0
    43  1991   279 18429  23.8  32.9  2.33   1.8   0.0
    43  1991   280 18987  23.8  33.1  2.31   1.6   0.0
    43  1991   281 19072  23.6  33.3  2.32   1.4   0.0
    43  1991   282 19046  23.3  32.9  2.22   1.6   0.0
    43  1991   283 18693  23.5  32.6  2.29   1.6   0.0
    43  1991   284 18661  23.5  33.1  2.32   1.7   0.0
    43  1991   285 19404  23.9  33.3  2.39   1.7   0.0
    43  1991   286 18940  24.0  33.2  2.39   1.9   0.0
    43  1991   287 19412  23.9  33.1  2.36   1.7   0.0
    43  1991   288 18774  24.0  33.1  2.37   1.7   0.0
    43  1991   289 18250  23.8  32.3  2.36   1.6   0.0
    43  1991   290 18791  24.1  32.8  2.38   1.5   0.0
    43  1991   291 19202  24.1  33.0  2.44   1.4   0.0
    43  1991   292 19780  24.0  32.7  2.41   1.6   0.0
    43  1991   293 20050  24.0  32.6  2.36   1.4   0.0
    43  1991   294 17462  23.8  32.5  2.41   1.2   0.0
    43  1991   295 18873  23.6  32.5  2.38   1.7  26.0
    43  1991   296 18706  23.6  32.7  2.37   1.5   4.0
    43  1991   297 18016  23.9  32.8  2.39   1.4   0.0
    43  1991   298 17168  23.8  32.5  2.38   1.6   0.0
    43  1991   299 16896  23.7  32.4  2.36   1.2   0.0
    43  1991   300 17251  23.4  32.4  2.33   1.8  41.0
    43  1991   301 18069  23.4  32.5  2.31   2.0   1.0
    43  1991   302 17197  23.9  32.6  2.43   1.4   9.0
    43  1991   303 17198  23.9  32.6  2.49   1.5   1.0
    43  1991   304 17499  23.6  32.4  2.40   1.5   0.0
    43  1991   305 17844  24.1  32.5  2.38   1.3   0.0
    43  1991   306 18060  24.1  32.9  2.45   1.3   0.0
    43  1991   307 18595  23.7  33.1  2.38   1.3   0.0
    43  1991   308 18886  24.2  33.1  2.48   1.4   0.0
    43  1991   309 18092  23.9  32.7  2.40   1.3   0.0
    43  1991   310 17532  24.3  33.0  2.41   1.3   0.0
    43  1991   311 17918  24.2  32.9  2.44   1.1   7.0
    43  1991   312 16820  23.9  33.0  2.41   1.2  19.0
    43  1991   313 15777  23.8  32.7  2.36   1.2   1.0
    43  1991   314 16835  24.2  32.6  2.42   1.4  16.0
    43  1991   315 17543  24.1  32.4  2.45   1.5   0.0
    43  1991   316 16571  23.9  32.5  2.40   1.3   0.0
    43  1991   317 15286  24.4  32.3  2.49   1.2   0.0
    43  1991   318 16521  24.4  32.6  2.55   1.2   2.0
    43  1991   319 15225  23.9  32.4  2.46   1.1  41.0
    43  1991   320 16314  23.7  32.2  2.37   1.2  18.0
    43  1991   321 15354  23.9  32.2  2.43   1.3   0.0
    43  1991   322 15139  23.8  32.4  2.49   1.0   0.0
    43  1991   323 17855  23.8  32.4  2.48   1.2  16.0
    43  1991   324 17011  23.9  32.6  2.45   1.3   0.0
    43  1991   325 16344  23.8  32.4  2.48   1.0   0.0
    43  1991   326 16160  24.0  32.6  2.44   0.9   0.0
    43  1991   327 17439  23.9  32.7  2.39   1.0   0.0
    43  1991   328 13869  24.0  32.1  2.43   1.2   0.0
    43  1991   329 15918  23.6  31.7  2.51   1.7   0.0
    43  1991   330 15927  23.8  31.7  2.45   1.2   0.0
    43  1991   331 14990  23.8  32.0  2.40   1.0   0.0
    43  1991   332 15295  23.6  31.4  2.40   0.9   0.0
    43  1991   333 15369  23.8  31.9  2.40   0.8   0.0
    43  1991   334 15042  23.5  31.7  2.41   0.7   0.0
    43  1991   335 15239  23.6  32.2  2.41   0.9   0.0
    43  1991   336 12245  23.9  31.5  2.45   0.9  14.0
    43  1991   337 14794  24.0  31.9  2.50   0.9   0.0
    43  1991   338 15320  23.9  31.6  2.49   1.1   3.0
    43  1991   339 13712  23.9  31.7  2.50   1.1   0.0
    43  1991   340 16012  23.8  31.3  2.51   1.0   6.0
    43  1991   341 16075  23.5  31.8  2.42   0.9   0.0
    43  1991   342 15309  23.6  31.6  2.47   0.8  26.0
    43  1991   343 14387  23.7  31.9  2.48   0.8  36.0
    43  1991   344 15151  23.8  31.6  2.50   1.1   0.0
    43  1991   345 13407  23.6  31.3  2.47   0.9   0.0
    43  1991   346 12850  23.7  31.1  2.48   0.9   0.0
    43  1991   347 14309  23.6  30.9  2.46   0.8   0.0
    43  1991   348 13950  23.7  31.1  2.48   0.8  57.0
    43  1991   349 12881  23.8  31.0  2.48   0.8   0.0
    43  1991   350 13597  23.4  31.0  2.38   0.7   9.0
    43  1991   351 14140  23.7  31.4  2.42   0.8  39.0
    43  1991   352 14977  23.7  31.4  2.45   1.1   4.0
    43  1991   353 13790  23.8  31.0  2.47   1.1   4.0
    43  1991   354 13923  23.8  31.4  2.44   0.9   0.0
    43  1991   355 15113  23.8  31.5  2.49   0.7   0.0
    43  1991   356 14880  23.4  31.5  2.44   0.7  29.0
    43  1991   357 14492  23.5  31.0  2.47   0.7   0.0
    43  1991   358 15310  23.6  31.1  2.44   0.7   0.0
    43  1991   359 14909  23.5  31.0  2.44   0.9   0.0
    43  1991   360 13962  23.6  30.9  2.46   0.8   6.0
    43  1991   361 12616  23.5  30.5  2.42   0.9   3.0
    43  1991   362 15192  23.5  30.2  2.49   0.7   0.0
    43  1991   363 14082  23.4  30.7  2.40   0.9  16.0
    43  1991   364 13105  23.6  30.5  2.47   0.7   0.0
    43  1991   365 14132  23.3  30.9  2.43   0.8   0.0
";}}s:20:"custom_result_object";a:0:{}s:11:"current_row";i:0;s:8:"num_rows";i:1;s:8:"row_data";N;}