O:12:"CI_DB_result":8:{s:7:"conn_id";N;s:9:"result_id";N;s:12:"result_array";a:1:{i:0;a:9:{s:2:"id";s:2:"14";s:7:"country";s:11:"Philippines";s:12:"station_code";s:1:"2";s:12:"country_code";s:4:"phil";s:13:"site_latitude";N;s:14:"site_longitude";N;s:13:"site_altitude";N;s:4:"year";s:4:"1983";s:4:"data";s:19806:"*-----------------------------------------------------------
*  Station Name: IRDR0002    IRRI dryland site, Los Banos
*  Author      : Climate Unit, IRRI    -99.: nil value
*  Source      : International Rice Research Institute (IRRI)
*
*  Comments    : This file is extracted from CLICOM database.
*  Longitude:  121 15 E   Latitude: 14 13 N    Altitude: 23.0 m
*
*  Column    Daily Value
*     1      Station number
*     2      Year
*     3      Day
*     4      irradiance         KJ m-2 d-1
*     5      min temperature            oC
*     6      max temperature            oC
*     7      vapor pressure            kPa
*     8      mean wind speed         m s-1
*     9      precipitation          mm d-1
*-----------------------------------------------------------
121.25  14.22  23.0  0.00  0.00
  2 1983   1  17459  22.5  32.0   2.87   1.2   0.0
  2 1983   2  15299  23.5  31.3   2.72   1.9   0.0
  2 1983   3   9359  23.1  29.1   2.64   2.1  17.6
  2 1983   4   8639  23.1  27.8   2.68   2.0   1.6
  2 1983   5  17099  22.5  29.2   2.50   2.2   0.0
  2 1983   6  13679  21.7  29.4   2.64   1.7   0.0
  2 1983   7  19078  21.4  30.4   2.55   1.8   0.0
  2 1983   8  13319  21.1  28.7   2.58   1.6   0.0
  2 1983   9  12599  22.7  28.4   2.61   1.8   1.0
  2 1983  10  13859  22.0  29.1   2.62   1.8   3.8
  2 1983  11  16379  19.7  29.6   2.69   2.0   0.5
  2 1983  12  17099  21.2  30.8   2.61   1.5   3.4
  2 1983  13  12419  21.1  29.9   2.68   1.2   2.4
  2 1983  14  11339  21.4  28.0   2.76   1.7   5.4
  2 1983  15  17099  22.4  30.4   2.73   1.8   0.4
  2 1983  16  11159  22.0  28.2   2.77   1.3   9.7
  2 1983  17  19798  20.6  29.7   2.64   1.9   0.0
  2 1983  18  10259  21.5  28.0   2.57   1.3   1.4
  2 1983  19  14399  22.3  28.6   2.60   1.5   1.6
  2 1983  20  14039  21.5  29.0   2.58   1.5   0.2
  2 1983  21  18179  21.6  31.0   2.37   1.4   0.0
  2 1983  22  15479  20.8  28.8   2.39   2.0   0.0
  2 1983  23  14399  22.0  29.4   2.56   1.8   0.0
  2 1983  24  12959  22.2  28.5   2.36   1.4   0.2
  2 1983  25  14399  21.7  29.0   2.49   1.5   0.3
  2 1983  26   9899  21.4  27.9   2.67   1.9  11.2
  2 1983  27   9179  22.3  27.2   2.78   1.9   0.6
  2 1983  28   9899  21.7  28.0   2.72   1.3   0.6
  2 1983  29  12959  20.5  29.5   2.56   1.4   0.0
  2 1983  30  20338  20.6  30.7   2.67   1.5   0.0
  2 1983  31  19078  20.7  31.6   2.55   1.2   0.0
  2 1983  32  16199  21.2  31.3   2.77   1.3   0.0
  2 1983  33  18719  20.1  30.9   2.64   1.5   0.0
  2 1983  34  17819  19.2  32.5   2.55   1.3   0.0
  2 1983  35  21598  20.5  31.7   2.51   1.8   0.0
  2 1983  36  21778  21.8  32.1   2.54   2.0   0.0
  2 1983  37  19438  20.4  31.3   2.28   1.6   0.0
  2 1983  38  19798  16.2  31.4   2.17   1.4   0.0
  2 1983  39  22138  15.2  31.3   2.27   1.4   0.0
  2 1983  40  22138  17.8  31.2   2.09   1.8   0.0
  2 1983  41  21598  17.9  30.9   2.25   1.8   0.0
  2 1983  42  21598  17.1  31.2   2.28   1.3   0.0
  2 1983  43  15659  17.1  30.5   2.26   1.5   0.0
  2 1983  44  17459  20.4  31.3   2.34   1.5   0.0
  2 1983  45  21598  19.6  32.4   2.32   2.0   0.0
  2 1983  46  19798  19.1  32.6   2.44   1.8   0.0
  2 1983  47  20158  19.2  33.0   2.45   2.2   0.0
  2 1983  48  17099  19.6  32.1   2.39   2.5   0.0
  2 1983  49  20158  20.8  31.9   2.30   1.8   0.0
  2 1983  50  20878  21.1  31.4   2.42   2.1   0.0
  2 1983  51  20698  18.0  32.0   2.33   1.7   0.0
  2 1983  52  21058  21.0  32.9   2.54   2.3   0.2
  2 1983  53  15119  22.0  31.2   2.65   2.1   0.6
  2 1983  54  14039  21.8  32.2   2.59   1.9   1.6
  2 1983  55  16379  23.3  32.5   2.73   1.6   0.0
  2 1983  56  22318  20.4  33.7   2.57   1.6   0.0
  2 1983  57  23218  18.9  33.0   2.26   2.5   0.0
  2 1983  58  21958  20.6  33.2   2.29   2.9   0.0
  2 1983  59  14399  22.0  33.3   2.30   1.6   0.0
  2 1983  60  19078  20.5  33.0   2.48   1.8   0.0
  2 1983  61  19078  23.2  32.9   2.59   1.8   0.0
  2 1983  62  13319  22.8  31.6   2.64   1.8   0.0
  2 1983  63  20158  21.8  33.6   2.69   1.4   0.0
  2 1983  64  17819  20.9  31.6   2.67   2.0   1.4
  2 1983  65  10439  22.2  28.1   2.57   2.0   0.0
  2 1983  66  20338  23.0  32.0   2.39   2.0   0.0
  2 1983  67  18719  22.4  32.6   2.41   1.4   0.0
  2 1983  68  16739  21.2  32.4   2.55   1.6   0.0
  2 1983  69  17639  21.0  32.0   2.53   1.6   0.0
  2 1983  70  18719  21.5  32.9   2.61   1.6   0.0
  2 1983  71  21958  19.5  33.4   2.42   2.4   0.0
  2 1983  72  19078  21.0  34.5   2.66   1.6   0.0
  2 1983  73  22678  23.5  34.2   2.82   2.4   0.0
  2 1983  74  21058  23.1  35.0   2.77   1.9   0.0
  2 1983  75  16559  21.6  33.5   2.69   1.5   0.0
  2 1983  76  19798  22.7  34.3   2.84   1.5   0.0
  2 1983  77  24838  23.1  34.6   2.66   2.3   0.0
  2 1983  78  22318  22.0  34.8   2.60   2.0   0.0
  2 1983  79  21778  22.2  34.7   2.81   2.2   0.0
  2 1983  80  18719  21.6  34.9   2.74   1.6   0.0
  2 1983  81  20518  21.6  34.2   2.59   1.9   0.0
  2 1983  82  21598  19.9  33.8   2.49   1.5   0.0
  2 1983  83  24298  19.6  34.7   2.62   1.7   0.0
  2 1983  84  21778  21.5  34.4   2.66   1.9   0.0
  2 1983  85  16739  21.3  34.0   2.66   1.7   0.0
  2 1983  86  19438  22.1  33.9   2.58   2.1   0.0
  2 1983  87  24478  21.5  33.5   2.53   2.3   0.0
  2 1983  88  20338  20.1  34.7   2.45   2.1   0.0
  2 1983  89  19078  19.8  34.3   2.56   1.4   3.8
  2 1983  90  19798  21.3  33.9   2.79   1.5   0.0
  2 1983  91  18719  22.5  34.6   2.87   1.4   0.0
  2 1983  92  18359  24.1  33.5   2.87   2.1   0.0
  2 1983  93  15119  23.9  33.4   2.60   1.4   0.0
  2 1983  94  21058  21.0  34.4   2.71   1.6   0.0
  2 1983  95  19798  20.9  34.6   2.51   1.6   0.0
  2 1983  96  17099  21.8  34.2   2.78   1.6   0.0
  2 1983  97  24838  23.0  34.7   2.69   2.1   0.0
  2 1983  98  23938  22.8  35.7   2.69   2.0   0.0
  2 1983  99  23038  23.5  35.3   2.64   1.8   0.0
  2 1983 100  25198  22.3  35.3   2.74   2.4   0.0
  2 1983 101  25198  21.7  34.8   2.56   2.3   0.0
  2 1983 102  24298  20.0  35.5   2.30   2.0   0.0
  2 1983 103  19078  20.0  34.9   2.52   1.6   0.0
  2 1983 104  23218  19.4  34.3   2.57   1.9   0.0
  2 1983 105  19438  22.1  34.2   2.42   1.7   0.0
  2 1983 106  15479  22.9  33.5   2.47   1.6   0.0
  2 1983 107  21058  23.5  34.9   2.59   2.6   0.0
  2 1983 108  22318  24.0  34.8   2.69   2.7   0.0
  2 1983 109  25198  24.4  34.9   2.63   2.6   0.0
  2 1983 110  25198  24.0  34.8   2.80   2.5   0.0
  2 1983 111  14219  24.1  35.0   2.81   1.9   0.0
  2 1983 112  12599  24.9  33.9   2.80   1.6   0.0
  2 1983 113  15299  24.6  33.6   2.82   2.0   0.0
  2 1983 114  25558  24.0  33.5   2.57   2.9   0.1
  2 1983 115  16919  25.1  34.0   2.65   2.6   0.0
  2 1983 116  22678  24.5  33.2   2.61   3.0   0.0
  2 1983 117  24118  23.8  33.6   2.56   2.8   0.0
  2 1983 118  25198  23.3  35.1   2.66   2.5   0.0
  2 1983 119  16199  23.2  34.4   2.57   2.3   0.0
  2 1983 120  16739  23.5  34.4   2.64   2.3   0.0
  2 1983 121  25918  23.9  34.8   2.65   2.8   0.0
  2 1983 122  17999  24.0  33.3   2.66   2.8   0.0
  2 1983 123  20158  24.0  33.6   2.67   2.6   0.0
  2 1983 124  25198  24.0  35.6   2.81   2.5   0.0
  2 1983 125  23578  23.8  36.5   2.73   2.1   0.0
  2 1983 126  23218  21.4  34.4   2.61   2.2   0.0
  2 1983 127  20338  23.5  34.6   2.84   1.8   0.0
  2 1983 128  21058  24.5  35.1   2.77   2.5   0.0
  2 1983 129  24478  23.4  36.1   2.62   2.1   0.0
  2 1983 130  20338  24.2  36.2   2.68   1.8   0.0
  2 1983 131  17099  22.8  35.4   2.69   1.8   0.0
  2 1983 132  22318  23.4  36.6   2.77   2.4   0.0
  2 1983 133  23578  22.4  38.2   2.80   2.0   0.0
  2 1983 134  20878  22.7  36.6   2.73   2.1   0.0
  2 1983 135  14399  24.4  34.6   2.79   2.0   0.0
  2 1983 136  15839  24.5  35.6   3.05   1.8   0.0
  2 1983 137  19438  23.8  36.6   2.94   1.3   3.8
  2 1983 138  14399  25.6  33.4   3.09   1.2   0.4
  2 1983 139  15839  24.6  34.8   2.95   1.6   2.6
  2 1983 140  18898  23.6  36.3   3.04   1.7   0.0
  2 1983 141  23038  24.4  37.0   2.98   2.1   0.0
  2 1983 142  23218  24.5  36.4   2.98   2.1   0.0
  2 1983 143  18359  26.4  35.3   2.88   2.0   0.1
  2 1983 144  20158  25.4  36.0   2.81   2.0   0.0
  2 1983 145  17639  25.0  35.0   2.74   1.4   0.0
  2 1983 146  25918  24.7  36.5   2.92   2.3   0.0
  2 1983 147  25918  24.5  36.5   2.84   2.3   0.0
  2 1983 148  25198  23.9  37.3   2.89   1.7   0.0
  2 1983 149  18898  24.1  36.9   2.82   1.6   0.0
  2 1983 150  15479  24.7  34.8   3.20   1.8  22.2
  2 1983 151  17099  24.3  34.5   3.09   1.4   3.3
  2 1983 152  18898  25.1  35.3   3.04   1.8  41.2
  2 1983 153  17099  24.2  34.6   3.12   1.6   1.2
  2 1983 154  24838  24.0  36.1   3.13   2.2   0.0
  2 1983 155  14039  25.6  33.7   3.07   2.6   0.0
  2 1983 156  17099  26.6  34.6   3.07   3.4   3.4
  2 1983 157  10259  24.7  30.0   2.80   2.2   0.0
  2 1983 158  17639  24.8  35.6   2.76   1.9   6.7
  2 1983 159  23398  24.4  36.2   3.29   1.9   0.0
  2 1983 160  25198  24.4  35.6   3.22   2.5   0.0
  2 1983 161  19798  25.5  36.9   3.07   2.1   0.0
  2 1983 162  16919  25.6  36.1   3.09   1.9   3.5
  2 1983 163  18179  24.8  34.5   3.17   1.6   0.4
  2 1983 164  15659  25.0  34.2   2.71   1.8   0.0
  2 1983 165  24838  25.5  36.0   3.02   2.4   0.0
  2 1983 166  19258  25.2  35.0   3.04   1.7   0.0
  2 1983 167  16559  23.9  35.2   3.10   1.4  65.5
  2 1983 168  17099  23.6  33.8   3.18   1.2   3.2
  2 1983 169  20338  23.6  33.8   3.08   1.5   0.0
  2 1983 170  20158  24.1  33.7   2.97   1.3   3.6
  2 1983 171  13319  25.5  33.4   3.11   0.8   3.4
  2 1983 172  17819  24.6  32.6   3.08   1.6   0.1
  2 1983 173  21958  24.5  33.4   2.97   2.4   1.0
  2 1983 174  11339  24.9  32.7   3.17   2.2  39.4
  2 1983 175  25738  24.5  33.1   2.97   3.1   0.0
  2 1983 176  16739  24.3  32.2   3.11   1.2   6.1
  2 1983 177  15119  24.6  32.5   3.22   1.2   1.8
  2 1983 178  12419  24.5  31.8   3.12   0.8   8.7
  2 1983 179  22318  23.7  32.7   3.04   1.5   0.0
  2 1983 180  23038  23.5  34.4   3.17   1.2   5.0
  2 1983 181  24118  24.1  34.4   3.38   1.1   0.0
  2 1983 182  24478  24.1  34.9   3.17   1.2   0.3
  2 1983 183  23398  24.5  34.3   3.22   1.5   0.0
  2 1983 184  20338  24.4  34.0   3.05   1.2   0.0
  2 1983 185  18898  23.7  33.8   3.15   0.8   8.4
  2 1983 186  20698  24.9  33.6   3.13   1.3   3.4
  2 1983 187  24658  23.6  33.6   3.13   1.6   0.0
  2 1983 188  19078  24.7  33.9   3.10   1.1   1.1
  2 1983 189  17819  24.7  34.0   3.09   1.1   8.4
  2 1983 190  23038  24.0  34.7   3.21   1.1  20.0
  2 1983 191   5220  24.6  27.5   2.95   3.0  43.3
  2 1983 192  14039  24.7  30.0   3.12   1.4  10.6
  2 1983 193  16379  23.6  32.9   3.22   1.1  26.1
  2 1983 194  21778  24.1  32.4   3.21   1.3   3.8
  2 1983 195  15119  24.0  30.0   3.09   1.2 190.0
  2 1983 196   4860  22.0  25.9   3.09   5.5 165.5
  2 1983 197  11519  24.5  29.5   2.99   3.1   0.3
  2 1983 198  14399  25.0  31.1   3.07   1.1   3.4
  2 1983 199  10439  24.0  29.0   3.10   1.0   1.8
  2 1983 200  21058  24.1  32.5   3.10   1.6   0.0
  2 1983 201  12419  25.0  29.7   3.14   1.2  15.2
  2 1983 202  15839  24.5  31.8   3.09   1.1  13.0
  2 1983 203  21778  24.0  33.0   3.07   1.0   0.0
  2 1983 204  21058  24.1  33.1   3.17   1.1   0.2
  2 1983 205  14219  23.4  31.6   2.99   1.5   0.4
  2 1983 206   6479  24.2  28.1   3.11   1.2  73.2
  2 1983 207  16199  21.5  31.2   2.85   1.3   5.7
  2 1983 208  12419  24.9  30.2   3.04   1.2   0.3
  2 1983 209  18359  24.4  32.0   3.19   1.0  11.2
  2 1983 210  14039  24.4  32.0   3.21   1.1  43.0
  2 1983 211  21058  24.0  32.2   3.06   1.5   1.8
  2 1983 212  15119  25.0  30.3   3.07   1.4   0.3
  2 1983 213  17459  23.8  32.0   3.07   1.5   0.0
  2 1983 214  16379  24.7  31.0   2.99   1.1   0.0
  2 1983 215  14039  24.2  30.7   2.97   0.9   0.0
  2 1983 216  12959  22.9  32.0   2.90   0.8   3.4
  2 1983 217  16379  22.2  31.3   3.07   1.0   0.8
  2 1983 218  12779  23.4  30.5   2.92   0.9   6.0
  2 1983 219  12239  22.8  30.2   2.89   0.7   2.4
  2 1983 220  18359  23.2  31.6   2.95   0.9   0.0
  2 1983 221  16559  22.5  31.8   3.01   1.1   0.4
  2 1983 222  18539  23.0  31.9   3.05   2.3   1.4
  2 1983 223  13859  25.3  30.0   2.99   2.4   2.0
  2 1983 224   6659  25.9  28.0   3.00   2.4   7.2
  2 1983 225   8639  25.5  28.5   2.87   3.0  10.8
  2 1983 226  13679  25.5  29.9   3.09   3.2  13.5
  2 1983 227   9539  24.6  30.0   2.94   2.8   1.3
  2 1983 228   9539  25.3  30.4   2.82   1.9   4.0
  2 1983 229  20698  23.7  32.0   2.85   1.2   0.0
  2 1983 230  16199  24.0  31.4   3.08   0.9   2.5
  2 1983 231  13679  24.2  31.9   3.37   0.9  32.7
  2 1983 232  19258  23.9  31.2   3.08   1.0   0.0
  2 1983 233  18898  23.2  31.9   3.07   1.0   0.2
  2 1983 234  14579  23.4  32.0   3.16   0.9  12.8
  2 1983 235  12779  23.7  32.0   3.11   1.4   0.0
  2 1983 236  22138  24.2  33.4   3.11   1.7   0.0
  2 1983 237  21058  22.6  32.8   2.91   2.0   0.0
  2 1983 238  22858  25.6  30.2   3.14   3.1   0.0
  2 1983 239  24838  26.0  34.0   2.94   1.8   0.0
  2 1983 240  16019  24.5  32.8   3.06   1.3  20.4
  2 1983 241  21058  23.6  32.1   2.91   1.3   0.0
  2 1983 242  10439  24.1  30.7   3.07   0.9   0.2
  2 1983 243  14939  24.1  32.0   2.98   1.0  32.6
  2 1983 244  13859  23.2  31.8   3.07   1.0   6.0
  2 1983 245  19618  23.5  31.8   2.90   1.0   0.3
  2 1983 246  14939  24.5  32.4   3.13   1.2   5.1
  2 1983 247  13499  25.0  30.4   2.84   1.3   2.2
  2 1983 248  18539  23.3  32.8   3.00   0.9   0.0
  2 1983 249  16559  23.0  30.9   3.02   1.6   0.6
  2 1983 250  17819  25.0  33.7   3.11   1.2   3.3
  2 1983 251  20698  22.6  33.4   2.94   0.9   0.0
  2 1983 252  14939  24.0  32.0   2.97   1.0   0.2
  2 1983 253  17819  24.7  33.1   3.09   1.2   0.8
  2 1983 254  14579  25.2  31.4   3.01   1.0   0.8
  2 1983 255  18179  24.0  32.6   2.94   1.1   0.0
  2 1983 256  14399  23.1  32.2   3.07   1.1  11.7
  2 1983 257  20518  24.5  33.4   2.89   1.3   6.4
  2 1983 258  20698  24.6  33.4   3.00   1.2   0.0
  2 1983 259  14219  25.1  32.9   3.10   1.1  14.5
  2 1983 260  17999  24.0  32.5   3.04   1.0   0.0
  2 1983 261  20698  23.1  33.4   3.11   0.9   0.0
  2 1983 262  24838  22.8  34.0   3.02   1.0   4.0
  2 1983 263  18898  24.9  32.2   2.98   1.1   0.2
  2 1983 264   8279  24.2  30.6   3.10   0.7  11.0
  2 1983 265   8459  25.0  30.2   3.15   1.1  43.0
  2 1983 266  10259  24.0  28.0   2.92   0.9   0.1
  2 1983 267  17639  23.5  31.2   3.02   1.7   0.0
  2 1983 268  14219  26.0  31.5   3.04   2.6   5.3
  2 1983 269   4320  24.5  25.6   2.86   2.8  24.8
  2 1983 270   8099  24.0  28.4   2.91   1.7   2.4
  2 1983 271  11339  23.7  29.2   2.84   1.1   0.0
  2 1983 272  21418  22.1  32.0   2.96   1.2   0.1
  2 1983 273  10799  24.1  29.5   3.10   1.5  15.6
  2 1983 274   9359  24.5  30.7   2.97   1.1  14.9
  2 1983 275  11879  24.5  30.6   3.04   1.5  19.0
  2 1983 276  16019  22.7  31.6   3.05   1.0  19.6
  2 1983 277  13139  23.5  30.4   2.92   1.0   2.8
  2 1983 278   7019  24.3  28.0   3.13   1.3   0.4
  2 1983 279   9359  25.0  30.1   3.09   1.1  22.0
  2 1983 280  17999  24.8  32.0   3.22   0.9  20.1
  2 1983 281  15659  23.0  31.8   3.07   0.9   0.0
  2 1983 282  19258  23.0  31.6   2.97   0.9   4.4
  2 1983 283   6839  23.2  28.5   3.03   1.8  72.9
  2 1983 284   6839  22.7  27.4   2.61   1.5   0.2
  2 1983 285  18179  23.8  31.2   2.94   1.7   9.2
  2 1983 286  20338  21.7  32.2   2.86   0.9   0.0
  2 1983 287  12959  24.4  30.1   3.16   1.3   5.2
  2 1983 288   9899  25.0  30.2   3.05   1.4  14.8
  2 1983 289   6659  23.6  29.2   3.08   0.9   0.0
  2 1983 290  13859  24.1  30.8   2.97   1.3   1.6
  2 1983 291  13859  23.7  30.5   2.91   1.3   1.4
  2 1983 292  16199  24.8  30.7   2.95   1.3   7.9
  2 1983 293   6120  24.2  28.0   3.09   1.0   6.3
  2 1983 294  18179  23.5  30.5   2.87   1.8   1.6
  2 1983 295  21598  23.4  32.4   3.06   1.3   0.0
  2 1983 296  14039  23.5  31.5   3.11   1.0  11.8
  2 1983 297  11159  24.9  29.4   3.05   1.1   1.8
  2 1983 298  11159  24.1  29.0   3.01   1.1   6.6
  2 1983 299  18719  24.0  31.6   3.02   1.0   0.0
  2 1983 300   4680  24.6  26.9   3.16   1.4  78.8
  2 1983 301  11159  23.1  30.7   2.99   1.2   4.6
  2 1983 302  10979  24.6  31.2   3.22   1.3  23.8
  2 1983 303  11519  23.7  30.1   2.99   1.1  32.5
  2 1983 304  16919  23.0  31.7   2.96   1.2   0.1
  2 1983 305  19258  23.0  32.5   3.02   0.8   0.0
  2 1983 306  12059  24.2  31.1   3.09   1.0  12.2
  2 1983 307   7919  22.9  27.7   2.83   0.6   1.2
  2 1983 308   6120  22.9  27.7   2.91   0.5   0.0
  2 1983 309  12419  22.0  30.5   2.82   0.8   0.0
  2 1983 310  17819  24.0  31.5   2.68   1.4   0.0
  2 1983 311  13499  24.0  29.2   2.71   2.0   0.0
  2 1983 312  15659  23.6  31.0   2.68   1.9   0.0
  2 1983 313  20158  22.3  30.5   2.46   2.0   0.0
  2 1983 314  14939  20.6  31.0   2.65   1.4   1.8
  2 1983 315  15299  23.0  30.4   2.86   1.6   0.2
  2 1983 316  10979  22.4  29.8   2.56   1.4   1.4
  2 1983 317   7739  23.7  28.0   2.93   1.3   1.4
  2 1983 318   9359  23.2  27.4   2.79   1.6   5.2
  2 1983 319  15479  23.3  31.0   2.83   1.7   0.1
  2 1983 320  18179  23.2  32.1   2.87   1.8   0.0
  2 1983 321  13319  22.5  30.4   2.63   1.4   0.0
  2 1983 322   6479  23.5  28.4   2.65   1.6  10.4
  2 1983 323  15659  22.9  30.0   2.48   2.3   0.0
  2 1983 324  10619  22.1  29.4   2.36   1.7   0.0
  2 1983 325   7559  21.5  27.5   2.39   1.1   1.1
  2 1983 326  14579  22.6  31.4   2.84   0.8   0.0
  2 1983 327  11879  23.0  30.2   3.07   1.0   0.0
  2 1983 328  13859  24.1  29.0   2.81   1.2   0.0
  2 1983 329  16199  22.0  31.7   2.50   1.0   0.0
  2 1983 330  13679  23.0  31.4   2.58   2.2   0.0
  2 1983 331  12599  22.6  28.5   2.32   2.9   0.4
  2 1983 332   8999  23.1  28.0   2.67   2.6   0.3
  2 1983 333  16919  23.0  31.5   2.52   2.1   0.0
  2 1983 334  17279  23.1  32.5   2.71   2.0   0.1
  2 1983 335   8999  23.0  28.9   2.61   2.3   1.4
  2 1983 336   9899  23.0  28.2   2.72   2.2   0.4
  2 1983 337   8819  23.4  28.2   2.74   2.4   0.6
  2 1983 338  11879  21.5  29.1   2.24   2.7   0.0
  2 1983 339  14579  21.9  28.9   2.18   2.7   0.0
  2 1983 340  16019  20.7  29.7   2.15   2.4   0.0
  2 1983 341  14579  21.8  31.0   2.39   2.9   0.0
  2 1983 342   5760  23.1  28.3   2.60   2.1   0.1
  2 1983 343   5040  23.4  24.7   2.64   2.4   2.9
  2 1983 344   7919  22.9  28.5   2.51   2.3   0.0
  2 1983 345   8099  21.5  27.1   2.22   2.6   0.0
  2 1983 346   8279  23.0  27.4   2.13   2.4   0.0
  2 1983 347   6479  22.6  26.6   2.66   1.7   4.0
  2 1983 348   7739  23.6  28.1   2.74   1.8   4.2
  2 1983 349  10619  22.7  28.5   2.65   2.4   0.0
  2 1983 350  15659  23.1  29.3   2.50   2.4   0.1
  2 1983 351  10439  21.0  28.4   2.42   1.7   0.0
  2 1983 352  10619  22.5  28.0   2.55   2.1   0.6
  2 1983 353  13319  21.0  30.0   2.42   2.2   0.0
  2 1983 354  17279  21.3  30.2   2.42   2.9   0.0
  2 1983 355   9179  21.5  28.6   2.32   2.0   0.0
  2 1983 356   9899  23.0  28.6   2.60   1.8   0.0
  2 1983 357   9359  23.1  28.7   2.68   2.1   0.0
  2 1983 358  10799  23.4  28.3   2.47   2.4   0.0
  2 1983 359  10439  22.1  28.0   2.43   2.3   0.0
  2 1983 360   8099  21.7  27.9   2.41   2.0   0.0
  2 1983 361  10619  22.1  28.4   2.42   2.1   0.8
  2 1983 362   8819  22.2  26.9   2.60   1.9   0.2
  2 1983 363   8999  22.6  29.8   2.45   0.9   0.0
  2 1983 364  15479  21.4  31.9   2.74   1.2   1.0
  2 1983 365   9179  22.2  26.8   2.58   2.1   0.0
";}}s:13:"result_object";a:1:{i:0;O:8:"stdClass":9:{s:2:"id";s:2:"14";s:7:"country";s:11:"Philippines";s:12:"station_code";s:1:"2";s:12:"country_code";s:4:"phil";s:13:"site_latitude";N;s:14:"site_longitude";N;s:13:"site_altitude";N;s:4:"year";s:4:"1983";s:4:"data";s:19806:"*-----------------------------------------------------------
*  Station Name: IRDR0002    IRRI dryland site, Los Banos
*  Author      : Climate Unit, IRRI    -99.: nil value
*  Source      : International Rice Research Institute (IRRI)
*
*  Comments    : This file is extracted from CLICOM database.
*  Longitude:  121 15 E   Latitude: 14 13 N    Altitude: 23.0 m
*
*  Column    Daily Value
*     1      Station number
*     2      Year
*     3      Day
*     4      irradiance         KJ m-2 d-1
*     5      min temperature            oC
*     6      max temperature            oC
*     7      vapor pressure            kPa
*     8      mean wind speed         m s-1
*     9      precipitation          mm d-1
*-----------------------------------------------------------
121.25  14.22  23.0  0.00  0.00
  2 1983   1  17459  22.5  32.0   2.87   1.2   0.0
  2 1983   2  15299  23.5  31.3   2.72   1.9   0.0
  2 1983   3   9359  23.1  29.1   2.64   2.1  17.6
  2 1983   4   8639  23.1  27.8   2.68   2.0   1.6
  2 1983   5  17099  22.5  29.2   2.50   2.2   0.0
  2 1983   6  13679  21.7  29.4   2.64   1.7   0.0
  2 1983   7  19078  21.4  30.4   2.55   1.8   0.0
  2 1983   8  13319  21.1  28.7   2.58   1.6   0.0
  2 1983   9  12599  22.7  28.4   2.61   1.8   1.0
  2 1983  10  13859  22.0  29.1   2.62   1.8   3.8
  2 1983  11  16379  19.7  29.6   2.69   2.0   0.5
  2 1983  12  17099  21.2  30.8   2.61   1.5   3.4
  2 1983  13  12419  21.1  29.9   2.68   1.2   2.4
  2 1983  14  11339  21.4  28.0   2.76   1.7   5.4
  2 1983  15  17099  22.4  30.4   2.73   1.8   0.4
  2 1983  16  11159  22.0  28.2   2.77   1.3   9.7
  2 1983  17  19798  20.6  29.7   2.64   1.9   0.0
  2 1983  18  10259  21.5  28.0   2.57   1.3   1.4
  2 1983  19  14399  22.3  28.6   2.60   1.5   1.6
  2 1983  20  14039  21.5  29.0   2.58   1.5   0.2
  2 1983  21  18179  21.6  31.0   2.37   1.4   0.0
  2 1983  22  15479  20.8  28.8   2.39   2.0   0.0
  2 1983  23  14399  22.0  29.4   2.56   1.8   0.0
  2 1983  24  12959  22.2  28.5   2.36   1.4   0.2
  2 1983  25  14399  21.7  29.0   2.49   1.5   0.3
  2 1983  26   9899  21.4  27.9   2.67   1.9  11.2
  2 1983  27   9179  22.3  27.2   2.78   1.9   0.6
  2 1983  28   9899  21.7  28.0   2.72   1.3   0.6
  2 1983  29  12959  20.5  29.5   2.56   1.4   0.0
  2 1983  30  20338  20.6  30.7   2.67   1.5   0.0
  2 1983  31  19078  20.7  31.6   2.55   1.2   0.0
  2 1983  32  16199  21.2  31.3   2.77   1.3   0.0
  2 1983  33  18719  20.1  30.9   2.64   1.5   0.0
  2 1983  34  17819  19.2  32.5   2.55   1.3   0.0
  2 1983  35  21598  20.5  31.7   2.51   1.8   0.0
  2 1983  36  21778  21.8  32.1   2.54   2.0   0.0
  2 1983  37  19438  20.4  31.3   2.28   1.6   0.0
  2 1983  38  19798  16.2  31.4   2.17   1.4   0.0
  2 1983  39  22138  15.2  31.3   2.27   1.4   0.0
  2 1983  40  22138  17.8  31.2   2.09   1.8   0.0
  2 1983  41  21598  17.9  30.9   2.25   1.8   0.0
  2 1983  42  21598  17.1  31.2   2.28   1.3   0.0
  2 1983  43  15659  17.1  30.5   2.26   1.5   0.0
  2 1983  44  17459  20.4  31.3   2.34   1.5   0.0
  2 1983  45  21598  19.6  32.4   2.32   2.0   0.0
  2 1983  46  19798  19.1  32.6   2.44   1.8   0.0
  2 1983  47  20158  19.2  33.0   2.45   2.2   0.0
  2 1983  48  17099  19.6  32.1   2.39   2.5   0.0
  2 1983  49  20158  20.8  31.9   2.30   1.8   0.0
  2 1983  50  20878  21.1  31.4   2.42   2.1   0.0
  2 1983  51  20698  18.0  32.0   2.33   1.7   0.0
  2 1983  52  21058  21.0  32.9   2.54   2.3   0.2
  2 1983  53  15119  22.0  31.2   2.65   2.1   0.6
  2 1983  54  14039  21.8  32.2   2.59   1.9   1.6
  2 1983  55  16379  23.3  32.5   2.73   1.6   0.0
  2 1983  56  22318  20.4  33.7   2.57   1.6   0.0
  2 1983  57  23218  18.9  33.0   2.26   2.5   0.0
  2 1983  58  21958  20.6  33.2   2.29   2.9   0.0
  2 1983  59  14399  22.0  33.3   2.30   1.6   0.0
  2 1983  60  19078  20.5  33.0   2.48   1.8   0.0
  2 1983  61  19078  23.2  32.9   2.59   1.8   0.0
  2 1983  62  13319  22.8  31.6   2.64   1.8   0.0
  2 1983  63  20158  21.8  33.6   2.69   1.4   0.0
  2 1983  64  17819  20.9  31.6   2.67   2.0   1.4
  2 1983  65  10439  22.2  28.1   2.57   2.0   0.0
  2 1983  66  20338  23.0  32.0   2.39   2.0   0.0
  2 1983  67  18719  22.4  32.6   2.41   1.4   0.0
  2 1983  68  16739  21.2  32.4   2.55   1.6   0.0
  2 1983  69  17639  21.0  32.0   2.53   1.6   0.0
  2 1983  70  18719  21.5  32.9   2.61   1.6   0.0
  2 1983  71  21958  19.5  33.4   2.42   2.4   0.0
  2 1983  72  19078  21.0  34.5   2.66   1.6   0.0
  2 1983  73  22678  23.5  34.2   2.82   2.4   0.0
  2 1983  74  21058  23.1  35.0   2.77   1.9   0.0
  2 1983  75  16559  21.6  33.5   2.69   1.5   0.0
  2 1983  76  19798  22.7  34.3   2.84   1.5   0.0
  2 1983  77  24838  23.1  34.6   2.66   2.3   0.0
  2 1983  78  22318  22.0  34.8   2.60   2.0   0.0
  2 1983  79  21778  22.2  34.7   2.81   2.2   0.0
  2 1983  80  18719  21.6  34.9   2.74   1.6   0.0
  2 1983  81  20518  21.6  34.2   2.59   1.9   0.0
  2 1983  82  21598  19.9  33.8   2.49   1.5   0.0
  2 1983  83  24298  19.6  34.7   2.62   1.7   0.0
  2 1983  84  21778  21.5  34.4   2.66   1.9   0.0
  2 1983  85  16739  21.3  34.0   2.66   1.7   0.0
  2 1983  86  19438  22.1  33.9   2.58   2.1   0.0
  2 1983  87  24478  21.5  33.5   2.53   2.3   0.0
  2 1983  88  20338  20.1  34.7   2.45   2.1   0.0
  2 1983  89  19078  19.8  34.3   2.56   1.4   3.8
  2 1983  90  19798  21.3  33.9   2.79   1.5   0.0
  2 1983  91  18719  22.5  34.6   2.87   1.4   0.0
  2 1983  92  18359  24.1  33.5   2.87   2.1   0.0
  2 1983  93  15119  23.9  33.4   2.60   1.4   0.0
  2 1983  94  21058  21.0  34.4   2.71   1.6   0.0
  2 1983  95  19798  20.9  34.6   2.51   1.6   0.0
  2 1983  96  17099  21.8  34.2   2.78   1.6   0.0
  2 1983  97  24838  23.0  34.7   2.69   2.1   0.0
  2 1983  98  23938  22.8  35.7   2.69   2.0   0.0
  2 1983  99  23038  23.5  35.3   2.64   1.8   0.0
  2 1983 100  25198  22.3  35.3   2.74   2.4   0.0
  2 1983 101  25198  21.7  34.8   2.56   2.3   0.0
  2 1983 102  24298  20.0  35.5   2.30   2.0   0.0
  2 1983 103  19078  20.0  34.9   2.52   1.6   0.0
  2 1983 104  23218  19.4  34.3   2.57   1.9   0.0
  2 1983 105  19438  22.1  34.2   2.42   1.7   0.0
  2 1983 106  15479  22.9  33.5   2.47   1.6   0.0
  2 1983 107  21058  23.5  34.9   2.59   2.6   0.0
  2 1983 108  22318  24.0  34.8   2.69   2.7   0.0
  2 1983 109  25198  24.4  34.9   2.63   2.6   0.0
  2 1983 110  25198  24.0  34.8   2.80   2.5   0.0
  2 1983 111  14219  24.1  35.0   2.81   1.9   0.0
  2 1983 112  12599  24.9  33.9   2.80   1.6   0.0
  2 1983 113  15299  24.6  33.6   2.82   2.0   0.0
  2 1983 114  25558  24.0  33.5   2.57   2.9   0.1
  2 1983 115  16919  25.1  34.0   2.65   2.6   0.0
  2 1983 116  22678  24.5  33.2   2.61   3.0   0.0
  2 1983 117  24118  23.8  33.6   2.56   2.8   0.0
  2 1983 118  25198  23.3  35.1   2.66   2.5   0.0
  2 1983 119  16199  23.2  34.4   2.57   2.3   0.0
  2 1983 120  16739  23.5  34.4   2.64   2.3   0.0
  2 1983 121  25918  23.9  34.8   2.65   2.8   0.0
  2 1983 122  17999  24.0  33.3   2.66   2.8   0.0
  2 1983 123  20158  24.0  33.6   2.67   2.6   0.0
  2 1983 124  25198  24.0  35.6   2.81   2.5   0.0
  2 1983 125  23578  23.8  36.5   2.73   2.1   0.0
  2 1983 126  23218  21.4  34.4   2.61   2.2   0.0
  2 1983 127  20338  23.5  34.6   2.84   1.8   0.0
  2 1983 128  21058  24.5  35.1   2.77   2.5   0.0
  2 1983 129  24478  23.4  36.1   2.62   2.1   0.0
  2 1983 130  20338  24.2  36.2   2.68   1.8   0.0
  2 1983 131  17099  22.8  35.4   2.69   1.8   0.0
  2 1983 132  22318  23.4  36.6   2.77   2.4   0.0
  2 1983 133  23578  22.4  38.2   2.80   2.0   0.0
  2 1983 134  20878  22.7  36.6   2.73   2.1   0.0
  2 1983 135  14399  24.4  34.6   2.79   2.0   0.0
  2 1983 136  15839  24.5  35.6   3.05   1.8   0.0
  2 1983 137  19438  23.8  36.6   2.94   1.3   3.8
  2 1983 138  14399  25.6  33.4   3.09   1.2   0.4
  2 1983 139  15839  24.6  34.8   2.95   1.6   2.6
  2 1983 140  18898  23.6  36.3   3.04   1.7   0.0
  2 1983 141  23038  24.4  37.0   2.98   2.1   0.0
  2 1983 142  23218  24.5  36.4   2.98   2.1   0.0
  2 1983 143  18359  26.4  35.3   2.88   2.0   0.1
  2 1983 144  20158  25.4  36.0   2.81   2.0   0.0
  2 1983 145  17639  25.0  35.0   2.74   1.4   0.0
  2 1983 146  25918  24.7  36.5   2.92   2.3   0.0
  2 1983 147  25918  24.5  36.5   2.84   2.3   0.0
  2 1983 148  25198  23.9  37.3   2.89   1.7   0.0
  2 1983 149  18898  24.1  36.9   2.82   1.6   0.0
  2 1983 150  15479  24.7  34.8   3.20   1.8  22.2
  2 1983 151  17099  24.3  34.5   3.09   1.4   3.3
  2 1983 152  18898  25.1  35.3   3.04   1.8  41.2
  2 1983 153  17099  24.2  34.6   3.12   1.6   1.2
  2 1983 154  24838  24.0  36.1   3.13   2.2   0.0
  2 1983 155  14039  25.6  33.7   3.07   2.6   0.0
  2 1983 156  17099  26.6  34.6   3.07   3.4   3.4
  2 1983 157  10259  24.7  30.0   2.80   2.2   0.0
  2 1983 158  17639  24.8  35.6   2.76   1.9   6.7
  2 1983 159  23398  24.4  36.2   3.29   1.9   0.0
  2 1983 160  25198  24.4  35.6   3.22   2.5   0.0
  2 1983 161  19798  25.5  36.9   3.07   2.1   0.0
  2 1983 162  16919  25.6  36.1   3.09   1.9   3.5
  2 1983 163  18179  24.8  34.5   3.17   1.6   0.4
  2 1983 164  15659  25.0  34.2   2.71   1.8   0.0
  2 1983 165  24838  25.5  36.0   3.02   2.4   0.0
  2 1983 166  19258  25.2  35.0   3.04   1.7   0.0
  2 1983 167  16559  23.9  35.2   3.10   1.4  65.5
  2 1983 168  17099  23.6  33.8   3.18   1.2   3.2
  2 1983 169  20338  23.6  33.8   3.08   1.5   0.0
  2 1983 170  20158  24.1  33.7   2.97   1.3   3.6
  2 1983 171  13319  25.5  33.4   3.11   0.8   3.4
  2 1983 172  17819  24.6  32.6   3.08   1.6   0.1
  2 1983 173  21958  24.5  33.4   2.97   2.4   1.0
  2 1983 174  11339  24.9  32.7   3.17   2.2  39.4
  2 1983 175  25738  24.5  33.1   2.97   3.1   0.0
  2 1983 176  16739  24.3  32.2   3.11   1.2   6.1
  2 1983 177  15119  24.6  32.5   3.22   1.2   1.8
  2 1983 178  12419  24.5  31.8   3.12   0.8   8.7
  2 1983 179  22318  23.7  32.7   3.04   1.5   0.0
  2 1983 180  23038  23.5  34.4   3.17   1.2   5.0
  2 1983 181  24118  24.1  34.4   3.38   1.1   0.0
  2 1983 182  24478  24.1  34.9   3.17   1.2   0.3
  2 1983 183  23398  24.5  34.3   3.22   1.5   0.0
  2 1983 184  20338  24.4  34.0   3.05   1.2   0.0
  2 1983 185  18898  23.7  33.8   3.15   0.8   8.4
  2 1983 186  20698  24.9  33.6   3.13   1.3   3.4
  2 1983 187  24658  23.6  33.6   3.13   1.6   0.0
  2 1983 188  19078  24.7  33.9   3.10   1.1   1.1
  2 1983 189  17819  24.7  34.0   3.09   1.1   8.4
  2 1983 190  23038  24.0  34.7   3.21   1.1  20.0
  2 1983 191   5220  24.6  27.5   2.95   3.0  43.3
  2 1983 192  14039  24.7  30.0   3.12   1.4  10.6
  2 1983 193  16379  23.6  32.9   3.22   1.1  26.1
  2 1983 194  21778  24.1  32.4   3.21   1.3   3.8
  2 1983 195  15119  24.0  30.0   3.09   1.2 190.0
  2 1983 196   4860  22.0  25.9   3.09   5.5 165.5
  2 1983 197  11519  24.5  29.5   2.99   3.1   0.3
  2 1983 198  14399  25.0  31.1   3.07   1.1   3.4
  2 1983 199  10439  24.0  29.0   3.10   1.0   1.8
  2 1983 200  21058  24.1  32.5   3.10   1.6   0.0
  2 1983 201  12419  25.0  29.7   3.14   1.2  15.2
  2 1983 202  15839  24.5  31.8   3.09   1.1  13.0
  2 1983 203  21778  24.0  33.0   3.07   1.0   0.0
  2 1983 204  21058  24.1  33.1   3.17   1.1   0.2
  2 1983 205  14219  23.4  31.6   2.99   1.5   0.4
  2 1983 206   6479  24.2  28.1   3.11   1.2  73.2
  2 1983 207  16199  21.5  31.2   2.85   1.3   5.7
  2 1983 208  12419  24.9  30.2   3.04   1.2   0.3
  2 1983 209  18359  24.4  32.0   3.19   1.0  11.2
  2 1983 210  14039  24.4  32.0   3.21   1.1  43.0
  2 1983 211  21058  24.0  32.2   3.06   1.5   1.8
  2 1983 212  15119  25.0  30.3   3.07   1.4   0.3
  2 1983 213  17459  23.8  32.0   3.07   1.5   0.0
  2 1983 214  16379  24.7  31.0   2.99   1.1   0.0
  2 1983 215  14039  24.2  30.7   2.97   0.9   0.0
  2 1983 216  12959  22.9  32.0   2.90   0.8   3.4
  2 1983 217  16379  22.2  31.3   3.07   1.0   0.8
  2 1983 218  12779  23.4  30.5   2.92   0.9   6.0
  2 1983 219  12239  22.8  30.2   2.89   0.7   2.4
  2 1983 220  18359  23.2  31.6   2.95   0.9   0.0
  2 1983 221  16559  22.5  31.8   3.01   1.1   0.4
  2 1983 222  18539  23.0  31.9   3.05   2.3   1.4
  2 1983 223  13859  25.3  30.0   2.99   2.4   2.0
  2 1983 224   6659  25.9  28.0   3.00   2.4   7.2
  2 1983 225   8639  25.5  28.5   2.87   3.0  10.8
  2 1983 226  13679  25.5  29.9   3.09   3.2  13.5
  2 1983 227   9539  24.6  30.0   2.94   2.8   1.3
  2 1983 228   9539  25.3  30.4   2.82   1.9   4.0
  2 1983 229  20698  23.7  32.0   2.85   1.2   0.0
  2 1983 230  16199  24.0  31.4   3.08   0.9   2.5
  2 1983 231  13679  24.2  31.9   3.37   0.9  32.7
  2 1983 232  19258  23.9  31.2   3.08   1.0   0.0
  2 1983 233  18898  23.2  31.9   3.07   1.0   0.2
  2 1983 234  14579  23.4  32.0   3.16   0.9  12.8
  2 1983 235  12779  23.7  32.0   3.11   1.4   0.0
  2 1983 236  22138  24.2  33.4   3.11   1.7   0.0
  2 1983 237  21058  22.6  32.8   2.91   2.0   0.0
  2 1983 238  22858  25.6  30.2   3.14   3.1   0.0
  2 1983 239  24838  26.0  34.0   2.94   1.8   0.0
  2 1983 240  16019  24.5  32.8   3.06   1.3  20.4
  2 1983 241  21058  23.6  32.1   2.91   1.3   0.0
  2 1983 242  10439  24.1  30.7   3.07   0.9   0.2
  2 1983 243  14939  24.1  32.0   2.98   1.0  32.6
  2 1983 244  13859  23.2  31.8   3.07   1.0   6.0
  2 1983 245  19618  23.5  31.8   2.90   1.0   0.3
  2 1983 246  14939  24.5  32.4   3.13   1.2   5.1
  2 1983 247  13499  25.0  30.4   2.84   1.3   2.2
  2 1983 248  18539  23.3  32.8   3.00   0.9   0.0
  2 1983 249  16559  23.0  30.9   3.02   1.6   0.6
  2 1983 250  17819  25.0  33.7   3.11   1.2   3.3
  2 1983 251  20698  22.6  33.4   2.94   0.9   0.0
  2 1983 252  14939  24.0  32.0   2.97   1.0   0.2
  2 1983 253  17819  24.7  33.1   3.09   1.2   0.8
  2 1983 254  14579  25.2  31.4   3.01   1.0   0.8
  2 1983 255  18179  24.0  32.6   2.94   1.1   0.0
  2 1983 256  14399  23.1  32.2   3.07   1.1  11.7
  2 1983 257  20518  24.5  33.4   2.89   1.3   6.4
  2 1983 258  20698  24.6  33.4   3.00   1.2   0.0
  2 1983 259  14219  25.1  32.9   3.10   1.1  14.5
  2 1983 260  17999  24.0  32.5   3.04   1.0   0.0
  2 1983 261  20698  23.1  33.4   3.11   0.9   0.0
  2 1983 262  24838  22.8  34.0   3.02   1.0   4.0
  2 1983 263  18898  24.9  32.2   2.98   1.1   0.2
  2 1983 264   8279  24.2  30.6   3.10   0.7  11.0
  2 1983 265   8459  25.0  30.2   3.15   1.1  43.0
  2 1983 266  10259  24.0  28.0   2.92   0.9   0.1
  2 1983 267  17639  23.5  31.2   3.02   1.7   0.0
  2 1983 268  14219  26.0  31.5   3.04   2.6   5.3
  2 1983 269   4320  24.5  25.6   2.86   2.8  24.8
  2 1983 270   8099  24.0  28.4   2.91   1.7   2.4
  2 1983 271  11339  23.7  29.2   2.84   1.1   0.0
  2 1983 272  21418  22.1  32.0   2.96   1.2   0.1
  2 1983 273  10799  24.1  29.5   3.10   1.5  15.6
  2 1983 274   9359  24.5  30.7   2.97   1.1  14.9
  2 1983 275  11879  24.5  30.6   3.04   1.5  19.0
  2 1983 276  16019  22.7  31.6   3.05   1.0  19.6
  2 1983 277  13139  23.5  30.4   2.92   1.0   2.8
  2 1983 278   7019  24.3  28.0   3.13   1.3   0.4
  2 1983 279   9359  25.0  30.1   3.09   1.1  22.0
  2 1983 280  17999  24.8  32.0   3.22   0.9  20.1
  2 1983 281  15659  23.0  31.8   3.07   0.9   0.0
  2 1983 282  19258  23.0  31.6   2.97   0.9   4.4
  2 1983 283   6839  23.2  28.5   3.03   1.8  72.9
  2 1983 284   6839  22.7  27.4   2.61   1.5   0.2
  2 1983 285  18179  23.8  31.2   2.94   1.7   9.2
  2 1983 286  20338  21.7  32.2   2.86   0.9   0.0
  2 1983 287  12959  24.4  30.1   3.16   1.3   5.2
  2 1983 288   9899  25.0  30.2   3.05   1.4  14.8
  2 1983 289   6659  23.6  29.2   3.08   0.9   0.0
  2 1983 290  13859  24.1  30.8   2.97   1.3   1.6
  2 1983 291  13859  23.7  30.5   2.91   1.3   1.4
  2 1983 292  16199  24.8  30.7   2.95   1.3   7.9
  2 1983 293   6120  24.2  28.0   3.09   1.0   6.3
  2 1983 294  18179  23.5  30.5   2.87   1.8   1.6
  2 1983 295  21598  23.4  32.4   3.06   1.3   0.0
  2 1983 296  14039  23.5  31.5   3.11   1.0  11.8
  2 1983 297  11159  24.9  29.4   3.05   1.1   1.8
  2 1983 298  11159  24.1  29.0   3.01   1.1   6.6
  2 1983 299  18719  24.0  31.6   3.02   1.0   0.0
  2 1983 300   4680  24.6  26.9   3.16   1.4  78.8
  2 1983 301  11159  23.1  30.7   2.99   1.2   4.6
  2 1983 302  10979  24.6  31.2   3.22   1.3  23.8
  2 1983 303  11519  23.7  30.1   2.99   1.1  32.5
  2 1983 304  16919  23.0  31.7   2.96   1.2   0.1
  2 1983 305  19258  23.0  32.5   3.02   0.8   0.0
  2 1983 306  12059  24.2  31.1   3.09   1.0  12.2
  2 1983 307   7919  22.9  27.7   2.83   0.6   1.2
  2 1983 308   6120  22.9  27.7   2.91   0.5   0.0
  2 1983 309  12419  22.0  30.5   2.82   0.8   0.0
  2 1983 310  17819  24.0  31.5   2.68   1.4   0.0
  2 1983 311  13499  24.0  29.2   2.71   2.0   0.0
  2 1983 312  15659  23.6  31.0   2.68   1.9   0.0
  2 1983 313  20158  22.3  30.5   2.46   2.0   0.0
  2 1983 314  14939  20.6  31.0   2.65   1.4   1.8
  2 1983 315  15299  23.0  30.4   2.86   1.6   0.2
  2 1983 316  10979  22.4  29.8   2.56   1.4   1.4
  2 1983 317   7739  23.7  28.0   2.93   1.3   1.4
  2 1983 318   9359  23.2  27.4   2.79   1.6   5.2
  2 1983 319  15479  23.3  31.0   2.83   1.7   0.1
  2 1983 320  18179  23.2  32.1   2.87   1.8   0.0
  2 1983 321  13319  22.5  30.4   2.63   1.4   0.0
  2 1983 322   6479  23.5  28.4   2.65   1.6  10.4
  2 1983 323  15659  22.9  30.0   2.48   2.3   0.0
  2 1983 324  10619  22.1  29.4   2.36   1.7   0.0
  2 1983 325   7559  21.5  27.5   2.39   1.1   1.1
  2 1983 326  14579  22.6  31.4   2.84   0.8   0.0
  2 1983 327  11879  23.0  30.2   3.07   1.0   0.0
  2 1983 328  13859  24.1  29.0   2.81   1.2   0.0
  2 1983 329  16199  22.0  31.7   2.50   1.0   0.0
  2 1983 330  13679  23.0  31.4   2.58   2.2   0.0
  2 1983 331  12599  22.6  28.5   2.32   2.9   0.4
  2 1983 332   8999  23.1  28.0   2.67   2.6   0.3
  2 1983 333  16919  23.0  31.5   2.52   2.1   0.0
  2 1983 334  17279  23.1  32.5   2.71   2.0   0.1
  2 1983 335   8999  23.0  28.9   2.61   2.3   1.4
  2 1983 336   9899  23.0  28.2   2.72   2.2   0.4
  2 1983 337   8819  23.4  28.2   2.74   2.4   0.6
  2 1983 338  11879  21.5  29.1   2.24   2.7   0.0
  2 1983 339  14579  21.9  28.9   2.18   2.7   0.0
  2 1983 340  16019  20.7  29.7   2.15   2.4   0.0
  2 1983 341  14579  21.8  31.0   2.39   2.9   0.0
  2 1983 342   5760  23.1  28.3   2.60   2.1   0.1
  2 1983 343   5040  23.4  24.7   2.64   2.4   2.9
  2 1983 344   7919  22.9  28.5   2.51   2.3   0.0
  2 1983 345   8099  21.5  27.1   2.22   2.6   0.0
  2 1983 346   8279  23.0  27.4   2.13   2.4   0.0
  2 1983 347   6479  22.6  26.6   2.66   1.7   4.0
  2 1983 348   7739  23.6  28.1   2.74   1.8   4.2
  2 1983 349  10619  22.7  28.5   2.65   2.4   0.0
  2 1983 350  15659  23.1  29.3   2.50   2.4   0.1
  2 1983 351  10439  21.0  28.4   2.42   1.7   0.0
  2 1983 352  10619  22.5  28.0   2.55   2.1   0.6
  2 1983 353  13319  21.0  30.0   2.42   2.2   0.0
  2 1983 354  17279  21.3  30.2   2.42   2.9   0.0
  2 1983 355   9179  21.5  28.6   2.32   2.0   0.0
  2 1983 356   9899  23.0  28.6   2.60   1.8   0.0
  2 1983 357   9359  23.1  28.7   2.68   2.1   0.0
  2 1983 358  10799  23.4  28.3   2.47   2.4   0.0
  2 1983 359  10439  22.1  28.0   2.43   2.3   0.0
  2 1983 360   8099  21.7  27.9   2.41   2.0   0.0
  2 1983 361  10619  22.1  28.4   2.42   2.1   0.8
  2 1983 362   8819  22.2  26.9   2.60   1.9   0.2
  2 1983 363   8999  22.6  29.8   2.45   0.9   0.0
  2 1983 364  15479  21.4  31.9   2.74   1.2   1.0
  2 1983 365   9179  22.2  26.8   2.58   2.1   0.0
";}}s:20:"custom_result_object";a:0:{}s:11:"current_row";i:0;s:8:"num_rows";i:1;s:8:"row_data";N;}