*-----------------------------------------------------------
*
*  Column    Daily Value
*     1      Station number
*     2      Year
*     3      Day
*     4      irradiance         KJ m-2 d-1
*     5      min temperature            oC
*     6      max temperature            oC
*     7      vapor pressure            kPa
*     8      mean wind speed         m s-1
*     9      precipitation          mm d-1
*-----------------------------------------------------------                                           121.25, 14.18,  21.00,0.000,0.000
    1,1993,  1, 19582.00, 20.50, 29.20,  2.44,  1.70,  0.00
    1,1993,  2, 19438.00, 22.40, 29.10,  2.36,  1.80,  0.00
    1,1993,  3, 10547.00, 20.50, 27.50,  2.46,  1.70,  0.00
    1,1993,  4, 23434.00, 22.00, 29.60,  2.52,  2.20,  0.00
    1,1993,  5, 19582.00, 18.70, 29.50,  2.16,  2.00,  2.00
    1,1993,  6, 16091.00, 20.60, 28.50,  2.37,  2.10,  0.00
    1,1993,  7, 10043.00, 21.20, 27.60,  2.56,  2.00,  1.20
    1,1993,  8, 16667.00, 22.20, 28.60,  2.54,  2.30,  0.00
    1,1993,  9, 10043.00, 20.00, 26.50,  2.56,  1.70,  2.00
    1,1993, 10, 23794.00, 21.50, 29.00,  2.55,  2.50,  0.00
    1,1993, 11,  9431.00, 22.00, 26.50,  2.34,  1.90,  0.00
    1,1993, 12, 12815.00, 23.00, 28.00,  2.52,  2.30,  0.10
    1,1993, 13, 18611.00, 21.70, 29.50,  2.47,  2.40,  1.20
    1,1993, 14, 20302.00, 22.40, 29.60,  2.65,  1.90,  0.60
    1,1993, 15, 22210.00, 22.00, 30.50,  2.71,  1.30,  0.00
    1,1993, 16, 15227.00, 23.70, 30.00,  2.80,  1.70,  0.00
    1,1993, 17,  9575.00, 24.00, 27.00,  2.57,  2.10,  0.00
    1,1993, 18, 13175.00, 23.50, 28.20,  2.56,  2.00,  0.00
    1,1993, 19, 15227.00, 23.70, 28.50,  2.57,  2.30,  0.00
    1,1993, 20,  8711.00, 23.00, 27.60,  2.48,  2.10,  0.10
    1,1993, 21, 11483.00, 22.50, 27.20,  2.57,  1.90,  0.50
    1,1993, 22, 19222.00, 22.50, 28.50,  2.43,  2.20,  0.00
    1,1993, 23, 24874.00, 19.50, 30.20,  2.29,  1.50,  0.00
    1,1993, 24, 21490.00, 22.00, 29.40,  2.36,  2.10,  0.00
    1,1993, 25, 21022.00, 21.90, 28.60,  2.02,  2.00,  7.10
    1,1993, 26, 17639.00, 20.50, 28.00,  2.05,  1.50,  0.00
    1,1993, 27, 19438.00, 19.50, 27.10,  2.17,  1.40,  0.00
    1,1993, 28,  6084.00, 20.50, 23.50,  2.27,  2.60,  4.80
    1,1993, 29, 11375.00, 20.10, 24.50,  2.13,  2.30,  0.20
    1,1993, 30, 10403.00, 21.20, 25.20,  2.34,  2.30,  0.40
    1,1993, 31,  9575.00, 21.10, 26.00,  2.33,  2.30,  0.00
    1,1993, 32, 11987.00, 22.60, 26.50,  2.23,  3.80,  0.30
    1,1993, 33, 12203.00, 21.90, 25.60,  1.97,  3.10,  0.00
    1,1993, 34, 11015.00, 21.10, 25.60,  2.06,  2.40,  0.00
    1,1993, 35, 11015.00, 21.20, 26.10,  2.29,  2.00,  0.00
    1,1993, 36, 14507.00, 21.80, 27.50,  2.40,  2.30,  0.10
    1,1993, 37, 20518.00, 22.00, 28.30,  2.41,  2.30,  0.00
    1,1993, 38, 25486.00, 20.00, 29.70,  2.29,  1.50,  0.00
    1,1993, 39, 17171.00, 21.50, 28.50,  2.34,  2.40,  0.00
    1,1993, 40, 25702.00, 20.90, 30.20,  2.39,  1.70,  0.00
    1,1993, 41, 24514.00, 20.50, 29.20,  2.31,  2.20,  0.00
    1,1993, 42, 24982.00, 21.20, 30.20,  2.52,  1.50,  0.00
    1,1993, 43, 25594.00, 20.80, 30.40,  2.47,  1.30,  0.00
    1,1993, 44, 26314.00, 20.50, 30.70,  2.46,  1.40,  0.00
    1,1993, 45, 24874.00, 21.00, 30.00,  2.42,  1.90,  0.00
    1,1993, 46, 24514.00, 21.00, 31.70,  2.55,  1.20,  0.00
    1,1993, 47, 22210.00, 20.50, 31.20,  2.62,  1.10,  0.00
    1,1993, 48, 21490.00, 21.40, 30.10,  2.66,  2.10,  0.00
    1,1993, 49, 19438.00, 23.00, 29.50,  2.57,  2.30,  2.00
    1,1993, 50, 21382.00, 23.30, 29.70,  2.77,  1.80,  0.00
    1,1993, 51, 14615.00, 22.20, 28.50,  2.62,  2.00,  0.00
    1,1993, 52, 21022.00, 22.60, 30.00,  2.75,  1.50,  0.00
    1,1993, 53, 27898.00, 21.90, 31.50,  2.64,  1.50,  0.00
    1,1993, 54, 18862.00, 23.50, 29.00,  2.47,  3.40,  0.00
    1,1993, 55, 20302.00, 23.30, 28.20,  2.41,  3.40,  0.00
    1,1993, 56, 20302.00, 22.90, 28.00,  2.12,  2.80,  0.00
    1,1993, 57, 14255.00, 21.20, 28.20,  2.33,  2.30,  0.00
    1,1993, 58, 22822.00, 22.60, 30.00,  2.45,  2.30,  0.00
    1,1993, 59, 25126.00, 21.50, 29.30,  2.54,  1.80,  0.00
    1,1993, 60, 24622.00, 20.90, 29.40,  2.47,  2.60,  0.00
    1,1993, 61, 17891.00, 23.20, 27.50,  2.27,  3.40,  0.00
    1,1993, 62,  7271.00, 23.10, 25.70,  2.28,  1.50,  0.00
    1,1993, 63, 13319.00, 23.00, 27.20,  2.33,  1.90,  0.00
    1,1993, 64, 12455.00, 23.90, 28.10,  2.39,  2.20,  0.00
    1,1993, 65, 17171.00, 23.20, 29.20,  2.64,  2.10,  0.30
    1,1993, 66, 24766.00, 22.80, 30.60,  2.77,  2.40,  0.00
    1,1993, 67, 24622.00, 22.00, 30.00,  2.65,  2.70,  0.00
    1,1993, 68, 14615.00, 22.00, 28.50,  2.41,  2.10,  0.00
    1,1993, 69, 17891.00, 22.20, 28.00,  2.30,  2.30,  0.00
    1,1993, 70, 22102.00, 19.00, 29.50,  2.43,  1.80,  0.00
    1,1993, 71, 17999.00, 20.80, 29.00,  2.41,  1.60,  0.50
    1,1993, 72, 20878.00, 21.50, 28.60,  2.44,  2.50,  0.00
    1,1993, 73, 20878.00, 22.00, 29.50,  2.41,  2.40,  0.00
    1,1993, 74, 24514.00, 21.20, 30.00,  2.41,  1.60,  0.00
    1,1993, 75, 26566.00, 19.20, 31.50,  2.43,  1.40,  0.00
    1,1993, 76, 25846.00, 19.00, 30.00,  2.50,  1.30,  0.00
    1,1993, 77, 25702.00, 19.00, 32.40,  2.60,  1.30,  0.00
    1,1993, 78, 25702.00, 22.30, 31.50,  2.68,  1.60,  0.00
    1,1993, 79, 24874.00, 23.90, 30.50,  2.64,  2.00,  0.00
    1,1993, 80, 23182.00, 22.50, 30.00,  2.56,  2.00,  0.00
    1,1993, 81, 15695.00, 23.00, 30.00,  2.63,  1.90,  0.80
    1,1993, 82, 24010.00, 23.30, 30.20,  2.67,  2.50,  0.00
    1,1993, 83, 27790.00, 22.50, 30.00,  2.40,  2.50,  0.00
    1,1993, 84, 25270.00, 21.00, 30.60,  2.42,  2.10,  0.00
    1,1993, 85, 27610.00, 21.50, 30.00,  2.47,  2.00,  0.00
    1,1993, 86, 22354.00, 21.80, 30.60,  2.63,  2.00,  0.00
    1,1993, 87, 21994.00, 23.00, 31.00,  2.72,  1.70,  0.00
    1,1993, 88, 22318.00, 24.60, 31.00,  2.82,  1.90,  0.00
    1,1993, 89, 25846.00, 23.40, 31.00,  2.59,  2.00,  0.00
    1,1993, 90, 28366.00, 20.50, 32.00,  2.54,  1.70,  0.00
    1,1993, 91, 28006.00, 20.40, 31.50,  2.40,  2.00,  0.00
    1,1993, 92, 27034.00, 20.00, 31.00,  2.40,  1.70,  0.00
    1,1993, 93, 26350.00, 21.30, 32.00,  2.66,  1.60,  0.00
    1,1993, 94, 26926.00, 21.50, 34.00,  2.73,  1.50,  0.00
    1,1993, 95, 26386.00, 23.20, 33.00,  2.79,  1.90,  0.00
    1,1993, 96, 25450.00, 22.50, 31.50,  2.66,  2.00,  0.00
    1,1993, 97, 24982.00, 23.00, 31.50,  2.56,  1.90,  0.00
    1,1993, 98, 25486.00, 22.00, 31.50,  2.69,  2.30,  0.00
    1,1993, 99, 26710.00, 22.80, 31.50,  2.64,  2.00,  0.00
    1,1993,100, 27826.00, 22.70, 31.00,  2.65,  1.80,  0.00
    1,1993,101, 22426.00, 23.60, 31.00,  2.69,  1.90,  0.00
    1,1993,102, 25990.00, 23.50, 32.80,  2.74,  1.70,  0.00
    1,1993,103, 18359.00, 25.00, 31.00,  2.87,  2.10,  3.20
    1,1993,104, 16091.00, 24.00, 31.00,  2.74,  2.30,  0.20
    1,1993,105, 25954.00, 24.00, 31.50,  2.70,  2.30,  0.00
    1,1993,106, 27754.00, 22.70, 32.10,  2.87,  1.80,  0.00
    1,1993,107, 22462.00, 23.70, 33.00,  2.82,  1.30,  0.40
    1,1993,108, 17531.00, 24.00, 32.50,  2.95,  1.20,  0.00
    1,1993,109, 22714.00, 25.00, 33.40,  2.86,  1.30,  0.00
    1,1993,110, 23434.00, 25.00, 33.00,  2.93,  1.50,  0.00
    1,1993,111, 23434.00, 23.70, 32.60,  2.90,  2.00,  0.00
    1,1993,112, 28258.00, 23.40, 33.20,  2.81,  1.60,  0.00
    1,1993,113, 24622.00, 23.50, 32.70,  2.81,  2.00,  0.00
    1,1993,114, 21850.00, 23.10, 33.00,  2.69,  1.80,  0.00
    1,1993,115, 22354.00, 24.00, 32.30,  2.78,  2.00,  0.00
    1,1993,116, 28006.00, 22.50, 32.00,  2.60,  2.40,  0.00
    1,1993,117, 20518.00, 22.60, 31.00,  2.64,  2.20,  0.00
    1,1993,118, 14615.00, 24.40, 32.60,  2.93,  1.80,  0.00
    1,1993,119, 14147.00, 25.50, 31.00,  3.09,  1.50, 14.80
    1,1993,120, 26314.00, 25.50, 32.50,  3.05,  1.90,  0.00
    1,1993,121, 19438.00, 23.60, 33.00,  2.91,  1.50,  0.00
    1,1993,122, 26062.00, 25.00, 33.00,  2.91,  2.10,  0.00
    1,1993,123, 29338.00, 23.30, 33.10,  2.86,  2.00,  0.00
    1,1993,124, 29194.00, 24.00, 33.00,  2.73,  2.20,  0.00
    1,1993,125, 27394.00, 24.00, 33.50,  2.91,  2.00,  0.00
    1,1993,126, 28114.00, 24.30, 32.20,  2.68,  2.30,  0.00
    1,1993,127, 27754.00, 24.00, 34.80,  2.94,  1.40,  0.00
    1,1993,128, 28258.00, 24.20, 34.30,  2.88,  1.90,  0.00
    1,1993,129, 29194.00, 24.00, 33.20,  2.82,  1.90,  0.00
    1,1993,130, 26674.00, 25.00, 32.50,  2.85,  2.30,  0.00
    1,1993,131, 24514.00, 25.00, 34.00,  2.92,  2.40,  0.00
    1,1993,132, 21130.00, 26.40, 32.50,  2.99,  2.20,  5.40
    1,1993,133, 25702.00, 24.50, 33.00,  3.10,  2.50,  0.00
    1,1993,134, 18611.00, 24.70, 32.80,  2.78,  1.90,  0.00
    1,1993,135, 26782.00, 24.00, 33.30,  2.90,  2.30,  0.00
    1,1993,136, 24874.00, 24.00, 33.00,  2.79,  2.20,  0.00
    1,1993,137, 21238.00, 25.10, 33.50,  2.81,  2.10,  0.00
    1,1993,138, 24154.00, 24.00, 33.00,  2.77,  2.50,  0.00
    1,1993,139, 23794.00, 24.20, 33.00,  2.81,  1.80,  1.40
    1,1993,140, 17999.00, 25.00, 32.50,  3.03,  1.80,  0.00
    1,1993,141, 24010.00, 23.10, 33.50,  2.83,  2.20,  0.00
    1,1993,142, 26422.00, 25.00, 33.50,  2.90,  2.40,  0.00
    1,1993,143, 21634.00, 24.50, 32.20,  2.83,  1.60, 12.10
    1,1993,144, 23290.00, 24.70, 33.70,  2.97,  1.40,  0.00
    1,1993,145, 26206.00, 23.90, 35.00,  3.05,  1.50,  0.00
    1,1993,146, 25486.00, 24.20, 36.60,  3.04,  1.30,  0.00
    1,1993,147, 20302.00, 23.50, 35.60,  2.93,  1.30,  0.00
    1,1993,148, 25234.00, 25.20, 35.50,  3.06,  1.50, 12.50
    1,1993,149, 21022.00, 23.70, 34.10,  2.98,  1.10,  0.00
    1,1993,150, 24262.00, 24.00, 35.50,  3.19,  1.20,  0.00
    1,1993,151, 23542.00, 24.40, 36.10,  2.96,  1.50,  0.00
    1,1993,152, 13787.00, 27.50, 35.00,  3.32,  0.80, 32.00
    1,1993,153, 24874.00, 24.20, 35.70,  3.04,  1.20,  0.00
    1,1993,154, 17531.00, 24.50, 35.20,  2.99,  1.20,  5.10
    1,1993,155, 26782.00, 24.10, 35.00,  3.09,  1.20,  0.00
    1,1993,156, 23182.00, 24.70, 35.00,  3.15,  1.10,  0.00
    1,1993,157, 23902.00, 24.20, 35.00,  3.10,  1.30,  0.00
    1,1993,158, 18251.00, 25.50, 34.50,  3.03,  1.20,  5.60
    1,1993,159, 25594.00, 24.60, 34.50,  3.05,  1.20,  5.30
    1,1993,160, 20050.00, 25.70, 34.50,  3.25,  1.20,  0.00
    1,1993,161, 23794.00, 25.50, 34.00,  2.97,  1.30,  0.00
    1,1993,162, 18719.00, 25.50, 34.00,  3.04,  1.30,  0.00
    1,1993,163, 25126.00, 24.20, 35.00,  3.05,  1.50,  0.00
    1,1993,164, 28474.00, 24.20, 35.50,  3.04,  1.40,  0.00
    1,1993,165, 24874.00, 24.90, 35.00,  3.03,  1.90,  0.00
    1,1993,166, 14255.00, 25.40, 32.10,  3.08,  1.20,  9.70
    1,1993,167, 20050.00, 24.70, 34.60,  3.12,  1.00,  0.20
    1,1993,168, 16091.00, 25.70, 32.70,  3.09,  1.30,  0.00
    1,1993,169, 22822.00, 24.90, 33.10,  3.10,  1.10,  0.00
    1,1993,170, 15119.00, 25.70, 32.50,  3.01,  1.10,  1.30
    1,1993,171, 17639.00, 24.60, 33.50,  3.09,  1.10, 10.50
    1,1993,172, 25342.00, 24.50, 33.20,  3.25,  1.10,  0.50
    1,1993,173, 26422.00, 24.20, 35.20,  3.02,  1.20,  0.00
    1,1993,174, 25126.00, 25.30, 35.00,  3.22,  1.30,  0.00
    1,1993,175, 24874.00, 24.70, 34.00,  3.23,  1.80,  0.40
    1,1993,176,  7991.00, 26.00, 30.70,  3.25,  4.30, 37.20
    1,1993,177,  2592.00, 25.00, 26.50,  3.05,  1.60, 52.40
    1,1993,178, 17891.00, 23.80, 31.60,  3.07,  1.60,  0.40
    1,1993,179, 17027.00, 25.50, 32.00,  3.06,  1.10,  0.00
    1,1993,180, 23794.00, 25.00, 31.80,  3.05,  1.80,  1.40
    1,1993,181, 15839.00, 25.00, 32.60,  3.07,  1.40,  0.60
    1,1993,182, 19438.00, 25.60, 30.10,  3.17,  1.90,  0.00
    1,1993,183, 18359.00, 25.80, 34.60,  3.16,  1.20, 11.60
    1,1993,184, 18970.00, 24.50, 33.00,  3.00,  1.50,  0.40
    1,1993,185, 22822.00, 25.00, 32.70,  2.95,  1.20,  0.00
    1,1993,186, 21850.00, 25.70, 33.50,  3.05,  1.30, 10.80
    1,1993,187, 26926.00, 24.00, 34.00,  3.10,  1.30,  0.00
    1,1993,188, 28978.00, 24.80, 33.50,  3.13,  1.40,  0.00
    1,1993,189, 19438.00, 25.00, 31.50,  2.98,  2.50,109.60
    1,1993,190,  6551.00, 23.50, 29.00,  3.01,  1.10, 10.40
    1,1993,191, 17171.00, 23.60, 30.60,  2.99,  1.10,  0.70
    1,1993,192, 21022.00, 23.70, 32.00,  2.95,  1.50,  0.00
    1,1993,193, 24010.00, 24.00, 32.20,  2.90,  1.10,  0.00
    1,1993,194, 24766.00, 23.50, 32.80,  3.05,  1.20,  0.00
    1,1993,195, 26422.00, 24.80, 34.00,  3.10,  1.00,  5.00
    1,1993,196, 27754.00, 24.60, 33.00,  3.17,  1.30,  4.70
    1,1993,197, 11627.00, 24.30, 31.00,  3.05,  1.20,  0.20
    1,1993,198, 14039.00, 25.30, 32.70,  3.13,  1.00,  0.10
    1,1993,199, 23902.00, 23.50, 32.00,  2.91,  1.10,  0.00
    1,1993,200, 20770.00, 24.10, 32.10,  3.11,  1.20,  0.00
    1,1993,201, 21634.00, 23.40, 32.20,  3.15,  1.10,  6.80
    1,1993,202, 21850.00, 23.70, 32.10,  3.11,  1.40,  7.60
    1,1993,203, 23650.00, 24.00, 32.20,  2.98,  1.30,  6.20
    1,1993,204, 23434.00, 24.00, 32.00,  3.03,  1.20,  0.00
    1,1993,205, 20410.00, 25.50, 32.20,  3.03,  1.40,  0.00
    1,1993,206, 23290.00, 24.00, 33.00,  3.12,  1.30,  0.00
    1,1993,207, 17279.00, 24.60, 32.80,  2.89,  1.40,  0.00
    1,1993,208, 10763.00, 26.00, 30.60,  2.96,  1.70,  0.50
    1,1993,209,  7775.00, 25.50, 30.10,  2.97,  1.60,  5.80
    1,1993,210,  8495.00, 24.50, 29.50,  3.05,  2.30, 49.20
    1,1993,211,  8243.00, 23.00, 29.00,  2.79,  1.90,  4.20
    1,1993,212, 22354.00, 24.00, 32.10,  2.62,  1.50,  0.00
    1,1993,213, 16451.00, 24.10, 31.50,  2.90,  1.20, 12.00
    1,1993,214, 24010.00, 23.20, 32.50,  3.04,  1.00,  0.00
    1,1993,215,  6551.00, 24.00, 29.00,  3.05,  0.60,  4.00
    1,1993,216, 20518.00, 24.10, 31.90,  2.94,  1.10,  0.00
    1,1993,217, 26674.00, 23.40, 32.50,  2.97,  1.10,  0.00
    1,1993,218, 19690.00, 24.20, 32.00,  3.18,  1.00,  0.00
    1,1993,219, 16451.00, 24.60, 32.00,  2.95,  1.40,  4.20
    1,1993,220,  7019.00, 25.00, 29.80,  2.96,  1.50, 31.60
    1,1993,221,  2592.00, 23.10, 25.00,  2.82,  1.60, 61.20
    1,1993,222,  3888.00, 23.30, 25.60,  2.79,  1.00, 24.30
    1,1993,223, 15227.00, 23.20, 29.60,  2.91,  1.20,  0.00
    1,1993,224, 18467.00, 24.50, 31.50,  2.87,  1.40,  0.00
    1,1993,225, 10043.00, 24.50, 30.90,  3.01,  1.20,  9.00
    1,1993,226, 17747.00, 23.40, 31.60,  2.94,  0.80,  0.00
    1,1993,227, 24406.00, 23.40, 32.00,  2.90,  0.90,  0.00
    1,1993,228, 22210.00, 22.30, 31.50,  2.95,  1.10,  0.60
    1,1993,229, 13175.00, 23.90, 31.10,  3.14,  1.70,  4.60
    1,1993,230,  6299.00, 23.60, 28.00,  2.91,  1.20, 10.00
    1,1993,231, 10043.00, 23.50, 30.00,  2.90,  0.80,  0.00
    1,1993,232, 28366.00, 22.60, 33.50,  2.96,  1.40,  0.00
    1,1993,233, 25342.00, 23.40, 31.80,  2.99,  1.00,  0.00
    1,1993,234,  9683.00, 24.40, 30.20,  3.00,  1.20, 63.40
    1,1993,235,  7523.00, 23.90, 29.00,  2.86,  1.10, 11.10
    1,1993,236, 21994.00, 24.60, 31.40,  3.00,  1.90,  1.00
    1,1993,237, 26314.00, 23.50, 31.50,  2.99,  1.30,  0.40
    1,1993,238, 22102.00, 25.20, 32.20,  3.01,  1.30,  1.00
    1,1993,239, 16307.00, 24.20, 32.20,  2.94,  1.10,  1.20
    1,1993,240, 17387.00, 23.10, 30.50,  2.99,  1.10, 16.70
    1,1993,241, 19330.00, 23.00, 31.10,  3.03,  0.90, 12.80
    1,1993,242, 19438.00, 23.20, 30.60,  3.04,  0.90,  0.40
    1,1993,243, 21238.00, 24.60, 31.60,  3.08,  0.90,  0.00
    1,1993,244, 16811.00, 24.20, 32.10,  3.13,  0.80,  0.00
    1,1993,245, 16919.00, 23.80, 32.50,  3.09,  1.00,  0.00
    1,1993,246, 18862.00, 25.10, 32.60,  3.00,  1.30,  1.60
    1,1993,247,  9935.00, 24.00, 29.40,  2.98,  0.80, 25.00
    1,1993,248, 21634.00, 23.70, 31.30,  2.92,  1.00,  0.20
    1,1993,249, 15119.00, 23.60, 30.70,  2.98,  1.10,  0.40
    1,1993,250, 20158.00, 24.20, 32.50,  2.97,  0.90,  0.00
    1,1993,251, 13427.00, 24.40, 29.20,  3.03,  1.20, 10.60
    1,1993,252,  9071.00, 23.20, 29.50,  2.94,  0.80,  0.30
    1,1993,253, 15695.00, 23.20, 30.10,  2.95,  1.30,  5.00
    1,1993,254, 10655.00, 24.20, 30.50,  2.85,  1.20,  0.00
    1,1993,255, 16919.00, 23.20, 30.80,  2.87,  1.00,  0.00
    1,1993,256, 17747.00, 23.20, 31.20,  3.00,  1.00,  1.10
    1,1993,257, 15479.00, 23.50, 30.50,  3.08,  0.80,  1.30
    1,1993,258,  6299.00, 24.30, 29.00,  3.00,  1.10,  2.20
    1,1993,259,  7883.00, 24.00, 29.50,  3.08,  0.90, 49.40
    1,1993,260, 20158.00, 22.20, 32.90,  2.83,  1.50, 22.10
    1,1993,261, 17279.00, 24.10, 30.90,  3.07,  0.40, 12.00
    1,1993,262, 13067.00, 24.10, 29.60,  2.88,  0.70,  5.20
    1,1993,263, 12815.00, 23.40, 30.10,  2.90,  0.70, 12.20
    1,1993,264, 19582.00, 24.00, 31.00,  3.03,  0.90,  5.70
    1,1993,265, 18719.00, 24.70, 32.00,  3.20,  1.00,  0.00
    1,1993,266, 23290.00, 23.70, 32.40,  3.17,  0.80,  0.00
    1,1993,267, 24874.00, 23.00, 32.00,  3.05,  0.90,  0.00
    1,1993,268, 23434.00, 24.20, 32.30,  3.15,  0.70, 15.60
    1,1993,269, 22102.00, 24.20, 32.00,  3.07,  0.90,  0.20
    1,1993,270, 10655.00, 24.90, 30.50,  3.08,  0.60,  4.00
    1,1993,271, 11735.00, 24.10, 30.00,  3.10,  0.60,  0.00
    1,1993,272, 21130.00, 24.40, 31.50,  3.05,  0.90, 40.60
    1,1993,273, 22930.00, 24.00, 31.50,  3.14,  0.80,  0.30
    1,1993,274, 16091.00, 24.20, 31.20,  3.01,  0.70, 17.00
    1,1993,275, 12707.00, 23.40, 30.20,  3.03,  0.80, 15.80
    1,1993,276, 11627.00, 24.00, 30.50,  3.02,  2.80,  2.50
    1,1993,277,  4500.00, 23.90, 28.50,  2.93,  5.90, 45.30
    1,1993,278,  3672.00, 25.00, 28.50,  2.89,  7.70, 47.20
    1,1993,279,  9575.00, 25.00, 29.20,  2.79,  2.40, 25.20
    1,1993,280, 13175.00, 24.10, 30.50,  2.95,  1.90,  0.40
    1,1993,281, 24406.00, 23.70, 31.50,  2.75,  1.20,  0.00
    1,1993,282, 18107.00, 21.10, 31.10,  2.82,  0.80,  0.00
    1,1993,283, 13535.00, 23.10, 30.10,  3.09,  0.70,  1.20
    1,1993,284, 23074.00, 21.50, 32.70,  2.71,  0.90,  0.00
    1,1993,285, 20770.00, 23.20, 31.00,  2.95,  1.40,  0.00
    1,1993,286, 12095.00, 23.50, 29.70,  3.03,  1.30, 22.40
    1,1993,287, 13067.00, 23.40, 28.80,  2.97,  1.40, 41.80
    1,1993,288, 11843.00, 23.20, 29.20,  2.83,  0.90, 11.50
    1,1993,289, 14039.00, 23.70, 29.00,  2.70,  1.20,  0.30
    1,1993,290, 11483.00, 24.00, 29.90,  3.03,  1.00,  1.80
    1,1993,291,  8243.00, 24.60, 29.50,  3.02,  0.80,  9.40
    1,1993,292, 16307.00, 23.90, 30.60,  2.93,  0.80,  0.20
    1,1993,293, 23650.00, 23.70, 32.10,  3.03,  1.20,  0.00
    1,1993,294, 19438.00, 23.40, 31.10,  2.91,  1.10,  0.00
    1,1993,295,  7019.00, 23.90, 28.50,  2.99,  0.80, 12.70
    1,1993,296, 13175.00, 24.20, 29.00,  3.14,  1.00,  4.80
    1,1993,297,  6443.00, 23.70, 28.00,  2.84,  1.20, 58.40
    1,1993,298,  5220.00, 23.20, 26.70,  2.66,  0.80,  2.30
    1,1993,299,  9071.00, 23.50, 27.70,  2.88,  1.00,  1.10
    1,1993,300, 22930.00, 23.50, 30.40,  2.82,  1.80,  0.60
    1,1993,301, 18611.00, 22.90, 30.50,  2.96,  2.20,  1.80
    1,1993,302, 10295.00, 24.20, 28.50,  2.85,  1.50,  0.20
    1,1993,303, 13067.00, 23.60, 30.10,  2.89,  1.20,  0.80
    1,1993,304, 19222.00, 22.50, 31.00,  3.00,  2.20,  1.20
    1,1993,305,  3420.00, 24.30, 27.00,  2.82,  6.00, 77.80
    1,1993,306, 14867.00, 23.60, 31.10,  2.90,  2.30,  0.00
    1,1993,307, 20158.00, 25.00, 32.50,  2.91,  1.20, 11.60
    1,1993,308, 17387.00, 23.70, 31.00,  2.84,  1.30,  0.00
    1,1993,309, 18970.00, 23.90, 31.10,  2.98,  1.40,  2.20
    1,1993,310, 12707.00, 23.90, 29.50,  3.15,  1.40,  2.80
    1,1993,311, 10655.00, 24.40, 29.20,  2.90,  1.30,  3.20
    1,1993,312, 17747.00, 24.40, 30.00,  3.05,  1.80,  3.10
    1,1993,313, 21634.00, 23.70, 30.50,  2.87,  1.70,  0.00
    1,1993,314, 14507.00, 24.50, 30.10,  2.78,  1.90,  0.00
    1,1993,315,  8711.00, 24.40, 28.50,  2.67,  1.00,  0.10
    1,1993,316, 17171.00, 24.50, 31.00,  2.85,  1.10,  1.40
    1,1993,317, 19582.00, 24.00, 32.10,  2.80,  1.40,  0.00
    1,1993,318, 22570.00, 25.60, 32.20,  2.80,  1.70,  0.00
    1,1993,319, 18251.00, 24.60, 31.30,  2.91,  1.30,  0.00
    1,1993,320, 18359.00, 24.00, 30.70,  2.96,  1.80,  4.40
    1,1993,321, 17027.00, 23.50, 30.50,  2.82,  1.60,  0.00
    1,1993,322, 15479.00, 23.00, 29.50,  2.67,  2.10,  4.00
    1,1993,323, 11627.00, 23.80, 29.20,  2.71,  1.90,  0.40
    1,1993,324, 15227.00, 23.70, 29.70,  2.79,  2.60, 10.30
    1,1993,325,  3780.00, 25.00, 26.90,  3.06,  1.80, 68.20
    1,1993,326, 11123.00, 24.20, 29.40,  3.01,  1.70,  4.40
    1,1993,327, 16703.00, 24.80, 31.00,  2.82,  1.90,  1.20
    1,1993,328, 15371.00, 24.20, 29.80,  3.02,  2.20, 10.60
    1,1993,329,  7559.00, 23.60, 28.00,  2.88,  1.60,  1.40
    1,1993,330, 12167.00, 25.20, 30.10,  3.07,  1.70, 15.90
    1,1993,331, 12347.00, 24.00, 29.20,  2.94,  1.90,  0.10
    1,1993,332, 15731.00, 24.70, 30.50,  2.95,  2.20,  0.60
    1,1993,333, 15299.00, 24.10, 30.20,  2.90,  1.90,  1.70
    1,1993,334, 12131.00, 24.50, 30.60,  3.01,  1.50,  5.20
    1,1993,335, 17351.00, 24.50, 30.40,  3.02,  1.60, 27.90
    1,1993,336,  8315.00, 24.40, 27.90,  2.97,  1.20, 34.30
    1,1993,337,  9539.00, 24.70, 29.00,  2.97,  0.90,  7.80
    1,1993,338, 10439.00, 24.80, 28.50,  2.92,  1.60,  2.10
    1,1993,339,  9575.00, 23.60, 29.00,  2.89,  4.30,130.40
    1,1993,340,  5112.00, 23.20, 26.60,  3.02,  3.90, 34.80
    1,1993,341,  9215.00, 23.40, 28.60,  2.94,  1.80, 68.40
    1,1993,342, 12203.00, 24.10, 28.60,  2.90,  2.80,  1.40
    1,1993,343, 13895.00, 23.20, 28.40,  2.32,  2.10,  0.00
    1,1993,344,  9827.00, 23.20, 28.70,  2.78,  1.30, 22.50
    1,1993,345,  5004.00, 24.60, 28.20,  2.98,  1.20, 29.50
    1,1993,346, 16271.00, 24.30, 30.20,  2.94,  2.40,  0.10
    1,1993,347, 14939.00, 24.40, 30.00,  2.95,  2.10,  0.00
    1,1993,348,  9035.00, 24.00, 28.90,  2.95,  2.20,  4.20
    1,1993,349,   684.00, 25.90, 27.10,  2.68,  2.50, 20.90
    1,1993,350, 11411.00, 24.50, 29.00,  2.96,  2.20,  4.80
    1,1993,351,  9791.00, 23.60, 27.50,  2.62,  1.70,  5.40
    1,1993,352, 15659.00, 23.50, 29.00,  2.85,  2.20,  0.70
    1,1993,353, 16523.00, 22.50, 29.40,  2.80,  1.20,  0.00
    1,1993,354, 14579.00, 24.20, 28.50,  2.58,  2.00,  0.00
    1,1993,355,  5652.00, 24.00, 27.10,  2.76,  1.70,  4.40
    1,1993,356,  8459.00, 23.40, 27.50,  2.65,  3.70,  0.60
    1,1993,357, 16271.00, 24.00, 28.00,  2.32,  3.10,  0.00
    1,1993,358, 10979.00, 20.50, 26.10,  2.32,  2.10,  1.70
    1,1993,359, 11915.00, 22.10, 27.20,  2.37,  2.70,  0.00
    1,1993,360,  6299.00, 20.20, 25.00,  2.25,  4.80,  0.20
    1,1993,361,  4032.00, 22.70, 24.30,  2.51,  3.50,147.00
    1,1993,362,  3528.00, 21.50, 24.60,  2.65,  1.10, 21.10
    1,1993,363, 13895.00, 22.70, 28.50,  2.68,  1.40,  0.00
    1,1993,364, 16091.00, 23.50, 29.60,  2.75,  2.20,  0.00
    1,1993,365, 14039.00, 22.40, 30.00,  2.82,  1.10,  4.00
