O:12:"CI_DB_result":8:{s:7:"conn_id";N;s:9:"result_id";N;s:12:"result_array";a:2:{i:0;a:9:{s:2:"id";s:1:"1";s:7:"country";s:11:"Philippines";s:12:"station_code";s:1:"1";s:12:"country_code";s:4:"phil";s:13:"site_latitude";s:6:"121.25";s:14:"site_longitude";s:5:"14.18";s:13:"site_altitude";s:4:"21.0";s:4:"year";s:4:"1991";s:4:"data";s:19013:"121.25  14.18  21.0  0.00  0.00
  1 1991   1   9683  23.6  28.4   2.82   0.9   2.1
  1 1991   2  14867  23.7  30.5   2.85   1.6   0.0
  1 1991   3  10187  21.6  28.5   2.45   1.6   0.0
  1 1991   4  19294  21.3  30.1   2.47   2.2   0.0
  1 1991   5  19546  20.6  31.0   2.60   1.1   0.0
  1 1991   6   9431  21.0  28.0   2.46   1.7   2.0
  1 1991   7  16343  22.1  29.8   2.63   1.8   0.0
  1 1991   8  16379  21.5  30.3   2.52   0.9   0.0
  1 1991   9   8855  22.6  27.5   2.62   2.3   0.0
  1 1991  10  11555  23.5  28.0   2.43   2.4   0.0
  1 1991  11  17531  22.1  30.0   2.46   1.7   0.0
  1 1991  12  17819  22.0  30.2   2.66   1.5   0.0
  1 1991  13   9647  22.3  27.6   2.62   1.8   0.1
  1 1991  14  10943  22.7  27.2   2.57   2.1   8.0
  1 1991  15   8099  22.8  25.9   2.68   1.3   7.2
  1 1991  16  17315  21.9  28.8   2.37   2.1   0.0
  1 1991  17  15983  20.6  29.0   2.47   2.1   0.0
  1 1991  18  18539  21.2  29.3   2.41   2.0   0.0
  1 1991  19  19942  21.1  30.0   2.57   2.3   0.0
  1 1991  20  20914  21.6  30.1   2.51   2.3   0.0
  1 1991  21  16919  21.7  29.5   2.60   2.1   0.0
  1 1991  22  14111  22.1  28.6   2.49   1.9   0.0
  1 1991  23   8027  23.0  26.1   2.64   1.8   3.2
  1 1991  24  15659  23.1  29.3   2.53   2.6   1.0
  1 1991  25  14903  22.5  29.0   2.45   2.0   0.0
  1 1991  26  15983  21.8  28.3   2.44   2.0   0.0
  1 1991  27  13643  20.0  28.4   2.47   1.8   0.0
  1 1991  28  14075  20.4  28.5   2.39   1.7   0.0
  1 1991  29  14507  21.0  28.2   2.46   1.2   0.1
  1 1991  30  15587  22.0  29.9   2.58   1.6   0.0
  1 1991  31  14975  22.6  28.9   2.66   1.2  23.1
  1 1991  32  13247  22.0  28.5   2.71   1.1   1.4
  1 1991  33  12059  23.0  28.7   2.70   1.1   1.5
  1 1991  34  12563  22.0  29.0   2.64   1.1   1.8
  1 1991  35  18215  22.3  31.3   2.69   1.2   0.0
  1 1991  36  19186  22.0  30.0   2.62   2.2   0.0
  1 1991  37  15983  22.0  30.5   2.54   1.4   0.0
  1 1991  38  18107  22.1  31.1   2.60   1.3   0.0
  1 1991  39  19006  21.9  30.9   2.59   1.7   0.0
  1 1991  40  11879  23.4  30.8   2.62   1.3   0.0
  1 1991  41  14543  22.0  31.0   2.62   1.7   0.0
  1 1991  42  19366  23.0  31.0   2.66   1.9   0.0
  1 1991  43  16739  23.1  31.5   2.68   2.0   0.0
  1 1991  44  15407  22.5  30.5   2.67   1.7   0.0
  1 1991  45  19222  22.0  30.5   2.64   1.3   0.0
  1 1991  46  21670  22.9  31.5   2.70   1.2   0.0
  1 1991  47  21310  22.1  31.2   2.67   1.6   0.0
  1 1991  48  21490  22.5  30.5   2.63   1.9   3.4
  1 1991  49   8711  21.5  25.0   2.63   1.2   7.1
  1 1991  50  13607  21.8  28.4   2.51   1.4   0.0
  1 1991  51   9827  21.6  26.5   2.42   1.4   0.7
  1 1991  52  19006  21.5  28.7   2.38   2.1   0.0
  1 1991  53  12527  21.9  26.1   2.47   2.0   2.0
  1 1991  54   9215  22.2  26.5   2.49   1.9   0.9
  1 1991  55   8963  22.0  26.7   2.37   2.2   0.0
  1 1991  56  10259  22.7  26.8   2.50   2.6   0.4
  1 1991  57  14363  21.8  26.7   2.44   2.5   0.0
  1 1991  58  22210  21.5  29.5   2.38   2.1   0.0
  1 1991  59  21274  20.5  29.5   2.49   2.0   0.0
  1 1991  60  23722  19.7  29.3   2.33   1.7   0.0
  1 1991  61  23542  20.1  29.1   2.41   1.9   0.0
  1 1991  62  23146  19.9  29.1   2.36   2.3   0.0
  1 1991  63  19078  21.9  29.4   2.50   1.6   0.0
  1 1991  64  17675  21.2  31.0   2.63   1.5   0.0
  1 1991  65  23326  21.5  30.0   2.64   2.1   0.0
  1 1991  66  23542  20.0  30.0   2.46   2.2   0.0
  1 1991  67  24370  22.5  30.5   2.68   2.0   0.0
  1 1991  68  22750  20.6  29.7   2.53   2.0   0.0
  1 1991  69  22534  21.0  30.2   2.35   2.2   0.0
  1 1991  70  21490  20.6  30.1   2.44   2.1   0.0
  1 1991  71  15947  20.4  28.7   2.60   1.9   0.8
  1 1991  72   5868  23.7  26.5   2.49   1.4  34.0
  1 1991  73   4068  23.0  25.6   2.92   1.4  34.0
  1 1991  74  16847  23.5  28.6   2.59   2.1   0.0
  1 1991  75  21130  22.2  30.1   2.62   1.8   0.0
  1 1991  76  21706  22.9  30.5   2.81   1.8   0.0
  1 1991  77  24118  23.4  30.4   2.70   2.0   0.0
  1 1991  78  17963  22.5  30.5   2.69   1.7   0.0
  1 1991  79  24658  24.5  30.7   2.79   1.9   0.0
  1 1991  80  12635  23.5  31.1   2.85   1.1   0.6
  1 1991  81  19330  24.2  31.3   2.90   1.4   0.0
  1 1991  82  23470  22.5  32.5   2.68   1.6   0.0
  1 1991  83  23650  23.1  31.5   2.80   1.9   0.0
  1 1991  84  18754  22.5  31.9   2.83   1.4   0.0
  1 1991  85  24442  22.6  31.0   2.66   2.0   0.0
  1 1991  86  24766  22.2  31.5   2.34   2.0   0.0
  1 1991  87  24082  21.6  30.5   2.49   2.2   0.0
  1 1991  88  16703  22.5  29.0   2.60   2.0   0.4
  1 1991  89  25054  22.0  30.5   2.37   2.1   0.0
  1 1991  90  19186  21.5  30.2   2.49   1.6   0.0
  1 1991  91  21274  24.5  30.1   2.81   2.0   0.0
  1 1991  92  16487  23.0  29.5   2.75   1.9   0.0
  1 1991  93  19186  22.6  30.0   2.69   2.1   0.0
  1 1991  94  24370  22.3  31.5   2.69   1.9   0.0
  1 1991  95  23542  22.2  32.0   2.73   1.4   0.0
  1 1991  96  20482  22.5  33.8   2.66   1.3   0.0
  1 1991  97  21778  22.1  34.5   2.76   1.1   0.0
  1 1991  98  20338  23.2  32.5   2.91   1.3   0.0
  1 1991  99  18575  23.7  31.6   2.87   1.5   0.0
  1 1991 100  15191  23.2  32.1   2.96   1.4   0.0
  1 1991 101  19762  22.5  31.8   2.68   1.8   0.0
  1 1991 102  26026  22.0  32.7   2.66   1.7   0.0
  1 1991 103  22678  22.7  32.1   2.87   1.8   0.0
  1 1991 104  24586  23.3  31.7   2.67   2.3   0.0
  1 1991 105  25126  23.5  32.0   2.82   2.3   0.0
  1 1991 106  20770  23.5  31.5   2.89   2.0   0.0
  1 1991 107  20014  25.4  32.2   3.01   2.0   0.0
  1 1991 108  24730  25.5  33.0   2.98   1.9   0.0
  1 1991 109  16091  26.0  32.0   3.17   1.2   5.2
  1 1991 110  24406  24.5  33.4   2.97   1.9   0.0
  1 1991 111  18215  24.6  31.2   2.91   1.9  17.4
  1 1991 112  20734  24.0  31.5   3.00   1.8   0.0
  1 1991 113  24046  23.7  31.5   2.85   2.4   0.0
  1 1991 114  21058  24.5  32.1   2.95   2.0   0.4
  1 1991 115  20122  23.8  32.0   2.94   2.1   1.9
  1 1991 116  12527  24.8  31.0   3.01   1.7   3.3
  1 1991 117  21778  24.0  33.0   2.97   1.6   0.0
  1 1991 118  19906  25.3  33.0   2.89   1.4   0.0
  1 1991 119  25918  24.1  34.2   3.05   1.2   0.0
  1 1991 120  23470  23.0  34.6   2.87   1.0   0.0
  1 1991 121  21814  23.1  34.5   2.95   1.3   0.0
  1 1991 122  20662  24.8  34.9   3.29   1.2   0.0
  1 1991 123  25702  25.4  33.6   2.95   2.2   0.0
  1 1991 124  11267  24.7  31.2   2.99   1.3  10.4
  1 1991 125  17423  24.5  32.0   2.91   1.7   0.0
  1 1991 126  25378  24.5  34.0   3.01   1.8   0.0
  1 1991 127  23506  24.7  33.7   2.99   1.9   0.0
  1 1991 128  24262  25.0  33.5   2.93   1.9   0.0
  1 1991 129  24406  24.7  33.2   2.97   2.0   0.1
  1 1991 130  24046  25.0  33.3   2.98   1.9   0.0
  1 1991 131  22534  24.5  32.1   2.88   1.7   0.0
  1 1991 132  23182  24.6  33.7   2.87   1.3   0.0
  1 1991 133  21670  24.1  34.4   2.79   1.2   0.0
  1 1991 134  21778  24.4  34.9   2.84   1.5   0.0
  1 1991 135  20122  23.0  34.4   2.67   1.4   0.0
  1 1991 136  22894  22.7  34.7   3.01   1.4   0.0
  1 1991 137  17891  25.1  35.0   3.02   1.2   3.0
  1 1991 138  15947  24.4  34.0   3.03   1.4  12.0
  1 1991 139  10979  25.5  30.2   3.14   1.2   0.4
  1 1991 140  25450  24.5  34.5   3.11   2.2   0.0
  1 1991 141  24982  25.0  33.6   3.07   1.0   0.0
  1 1991 142  22714  25.5  35.0   2.95   1.4   0.0
  1 1991 143  16703  26.0  34.0   3.12   1.1  23.8
  1 1991 144  25846  25.5  34.7   3.13   1.6   0.0
  1 1991 145  24622  22.6  33.5   2.70   2.0   0.0
  1 1991 146  26458  24.0  34.2   2.80   2.1   0.0
  1 1991 147  23254  24.7  33.4   2.94   1.9   0.0
  1 1991 148  17963  25.4  31.2   2.90   2.1   0.0
  1 1991 149  15083  25.8  31.5   3.01   1.9   0.0
  1 1991 150  16739  26.0  33.2   2.96   2.1   0.0
  1 1991 151  21994  25.9  34.0   3.01   2.4   0.0
  1 1991 152  22498  25.5  33.8   3.00   2.5   0.0
  1 1991 153  21886  25.5  34.0   3.01   2.3   0.0
  1 1991 154  15587  26.4  33.7   3.17   1.4   6.8
  1 1991 155  23326  25.1  33.7   3.18   2.2   0.0
  1 1991 156  20266  25.0  33.7   2.95   1.9   0.0
  1 1991 157  16091  25.1  33.1   3.03   1.3   8.0
  1 1991 158  25414  25.1  34.7   3.05   2.1   0.0
  1 1991 159  21022  25.0  34.3   2.85   1.8   0.0
  1 1991 160  17351  24.8  33.5   3.05   1.7  10.0
  1 1991 161  25666  23.9  34.2   2.98   2.2   0.0
  1 1991 162  23002  24.5  33.6   3.01   2.0   0.0
  1 1991 163  21814  25.7  34.0   2.93   1.7   0.0
  1 1991 164  18970  25.6  35.0   3.02   1.3   5.0
  1 1991 165   6767  25.5  29.2   3.25   1.7  66.8
  1 1991 166   5112  24.4  28.2   2.93   2.4   2.4
  1 1991 167  11591  24.4  30.0   2.79   2.1   4.4
  1 1991 168  14219  23.7  31.1   2.91   2.3   0.0
  1 1991 169  15443  26.4  32.1   3.04   2.1  11.4
  1 1991 170  16163  24.9  32.4   3.13   1.7   2.5
  1 1991 171  12131  25.0  31.6   2.95   1.3   1.6
  1 1991 172  20302  25.2  32.9   3.10   1.6   0.0
  1 1991 173  19510  23.6  33.5   2.92   1.3   0.0
  1 1991 174  17063  24.5  32.8   2.81   2.1   0.4
  1 1991 175  20914  25.6  34.0   3.04   1.6   0.0
  1 1991 176  22606  25.2  34.7   3.33   1.5   0.0
  1 1991 177  21058  24.3  33.9   3.09   1.9   7.0
  1 1991 178   4788  24.7  29.0   3.01   0.7  11.6
  1 1991 179  12959  24.9  30.6   3.13   1.2  19.8
  1 1991 180  12851  25.2  30.6   3.06   1.1  26.6
  1 1991 181  14831  24.1  32.4   3.04   1.5  90.4
  1 1991 182  23434  24.3  32.5   3.05   1.3   0.0
  1 1991 183  20122  24.4  33.5   3.00   1.1   1.6
  1 1991 184  21454  24.8  32.5   3.10   1.7   0.5
  1 1991 185  19654  25.4  32.5   3.21   1.1   3.6
  1 1991 186  22174  24.7  32.6   3.15   1.5   0.0
  1 1991 187  25018  23.9  33.2   3.09   1.6   0.0
  1 1991 188  18970  25.2  32.5   3.00   1.5   0.0
  1 1991 189  20266  24.9  32.1   2.98   1.6   0.0
  1 1991 190  19366  24.7  33.0   3.05   2.1 128.0
  1 1991 191   2952  23.4  27.0   3.10   4.2  32.4
  1 1991 192  12599  24.2  29.5   2.88   1.9   3.6
  1 1991 193  12347  24.2  31.1   2.85   1.1  31.5
  1 1991 194  21814  22.7  32.0   3.00   1.2   0.0
  1 1991 195  21130  23.5  32.0   3.00   1.2   0.0
  1 1991 196  21850  24.0  33.0   3.04   1.1   0.1
  1 1991 197  18251  24.0  32.5   3.03   1.2   4.7
  1 1991 198  20518  25.5  32.5   3.10   3.1   0.0
  1 1991 199   7487  27.5  30.0   2.74   2.5   3.0
  1 1991 200   8963  25.4  30.2   3.01   1.4   5.2
  1 1991 201  15479  24.4  31.0   2.88   1.0   1.8
  1 1991 202   8315  24.5  29.8   2.98   1.3   8.8
  1 1991 203   8423  24.5  29.2   2.76   2.6   0.0
  1 1991 204  10943  25.3  29.2   3.14   1.5  16.1
  1 1991 205  10655  23.9  29.9   3.06   1.3  39.1
  1 1991 206   8999  23.7  30.0   2.97   1.6  23.4
  1 1991 207   5616  24.0  28.6   2.73   1.8  20.4
  1 1991 208   6407  23.2  29.5   2.99   1.1   0.0
  1 1991 209  21166  23.1  32.6   2.85   1.6   0.0
  1 1991 210  20914  23.9  32.7   2.86   1.3   0.0
  1 1991 211  23074  22.4  32.5   2.92   1.2   0.0
  1 1991 212  21814  23.5  32.5   2.99   1.7   0.1
  1 1991 213   7235  25.2  27.4   2.96   0.7   5.5
  1 1991 214  15803  23.0  30.9   2.80   1.0   0.7
  1 1991 215  22030  23.1  31.7   2.89   1.4  28.3
  1 1991 216  16235  24.1  32.5   2.82   1.1  80.2
  1 1991 217  13643  23.5  29.0   2.87   0.9   8.3
  1 1991 218  21310  24.0  32.0   2.94   1.2   0.0
  1 1991 219  22930  23.7  33.2   2.96   1.3   0.0
  1 1991 220  18107  24.0  32.1   3.04   1.4   1.0
  1 1991 221  13895  23.9  32.0   3.09   1.1   0.0
  1 1991 222  15659  24.5  31.2   3.00   1.4  10.6
  1 1991 223  11591  24.0  30.3   3.29   1.0   9.3
  1 1991 224  10331  24.5  28.1   2.94   1.5   9.2
  1 1991 225   6407  24.6  28.5   2.86   1.6  30.8
  1 1991 226   9827  23.4  30.1   2.95   1.5   6.0
  1 1991 227   9683  24.8  30.5   3.01   1.3  14.6
  1 1991 228   6443  24.4  28.7   3.10   1.0  28.2
  1 1991 229   2628  24.0  25.5   2.99   1.1  74.0
  1 1991 230   4320  23.9  27.0   3.04   1.6  62.0
  1 1991 231   6551  24.4  28.0   3.03   1.2  19.0
  1 1991 232   5940  24.5  28.1   3.09   1.7  46.0
  1 1991 233   7379  25.0  28.5   2.99   1.1   7.1
  1 1991 234   8063  23.9  29.5   3.12   1.6   0.3
  1 1991 235  17027  25.8  31.5   3.14   2.4   1.6
  1 1991 236  11339  26.0  30.5   3.02   1.8   0.2
  1 1991 237  11663  26.0  31.0   3.00   1.8  20.9
  1 1991 238   8927  23.7  28.0   2.87   0.9  10.1
  1 1991 239  17243  24.5  31.0   3.03   1.4   3.2
  1 1991 240   9791  24.0  28.6   3.04   1.8   7.4
  1 1991 241   8963  24.9  29.9   3.00   1.6   3.1
  1 1991 242  14291  24.6  31.0   3.13   1.1   1.9
  1 1991 243  10079  25.0  29.0   3.19   0.7   3.8
  1 1991 244  19726  24.5  32.6   3.03   1.5   2.0
  1 1991 245  14507  25.0  31.5   2.81   2.1  25.8
  1 1991 246   7847  24.0  28.2   2.88   3.0   3.8
  1 1991 247  13463  24.5  31.5   2.93   1.6   2.6
  1 1991 248  22282  23.2  32.5   2.99   1.5   0.0
  1 1991 249  23650  23.5  32.6   2.95   2.9   0.0
  1 1991 250  17819  27.8  31.9   2.76   2.5   0.0
  1 1991 251  13355  24.2  31.1   2.86   1.2  10.2
  1 1991 252  16343  24.5  30.9   3.22   0.9   0.4
  1 1991 253  16487  23.9  32.5   3.06   0.8   4.8
  1 1991 254  20734  24.2  32.7   3.05   1.0   0.0
  1 1991 255  17711  24.1  33.2   3.17   0.9   0.0
  1 1991 256  16271  24.4  31.0   3.23   0.9   0.0
  1 1991 257  21454  24.6  32.0   3.06   1.5   0.0
  1 1991 258  12959  25.0  30.0   2.99   1.3   3.0
  1 1991 259   9323  25.0  31.4   3.03   1.8   1.2
  1 1991 260  17639  26.5  31.6   2.97   3.3  34.6
  1 1991 261  13283  25.1  31.0   2.89   2.8   3.2
  1 1991 262  11915  26.9  30.5   3.06   2.1  12.3
  1 1991 263  10835  25.0  30.5   3.20   1.3   0.1
  1 1991 264  12311  24.4  29.6   2.93   1.0  18.3
  1 1991 265  13175  23.5  31.2   2.88   0.9   0.2
  1 1991 266  17711  24.2  31.5   2.95   1.3  14.8
  1 1991 267  19906  24.0  31.4   3.04   2.1  17.6
  1 1991 268  10619  24.5  29.5   2.78   1.8  14.5
  1 1991 269  20734  24.2  31.4   2.66   2.2   0.0
  1 1991 270  11051  25.0  31.0   2.98   1.5   0.0
  1 1991 271  14219  23.5  31.5   2.88   1.4   6.4
  1 1991 272  15587  23.0  30.7   3.01   1.3   4.7
  1 1991 273  18754  22.9  31.5   2.98   1.5   0.0
  1 1991 274  16595  22.0  32.2   2.72   1.0   0.0
  1 1991 275  16667  23.6  32.0   3.04   0.8   0.2
  1 1991 276  16091  23.5  31.0   2.99   1.0   2.3
  1 1991 277  21166  24.4  32.9   3.09   1.2   9.1
  1 1991 278  20986  23.4  32.1   2.91   0.9   0.0
  1 1991 279  19222  23.5  31.6   2.83   0.9   0.0
  1 1991 280  18611  24.5  32.5   3.03   1.2   0.0
  1 1991 281  19294  24.2  31.5   2.83   1.0   0.0
  1 1991 282  15443  23.4  31.0   2.85   0.8   0.0
  1 1991 283  14579  22.0  30.5   3.04   0.7   1.9
  1 1991 284  17747  22.0  31.4   3.00   1.0   0.0
  1 1991 285  17495  22.3  31.8   3.01   1.0   0.0
  1 1991 286  18826  23.0  32.2   3.09   1.0   0.0
  1 1991 287  16883  23.4  32.1   2.95   1.0   0.0
  1 1991 288  13787  24.0  30.0   2.85   1.4   0.0
  1 1991 289  20770  23.0  31.5   2.56   1.3   0.0
  1 1991 290  21022  22.9  31.5   2.90   1.4   0.0
  1 1991 291  14147  23.0  30.6   2.86   1.4   0.0
  1 1991 292  18934  23.4  31.0   2.91   1.8   0.0
  1 1991 293  17351  24.1  30.7   2.74   1.7  24.4
  1 1991 294  10475  24.0  29.6   2.91   1.6  13.2
  1 1991 295   4068  24.8  26.5   2.96   1.2  11.7
  1 1991 296  13211  24.0  29.5   2.76   1.7   0.2
  1 1991 297  19474  22.2  31.2   2.62   1.0   0.0
  1 1991 298  16127  22.7  31.6   2.85   0.7   0.0
  1 1991 299  11807  22.7  29.9   2.91   2.5   0.0
  1 1991 300  10043  24.5  29.4   2.63   6.2   1.8
  1 1991 301  10367  25.7  29.0   2.86   3.8   0.5
  1 1991 302  11447  25.3  30.1   2.84   1.2   0.0
  1 1991 303  20482  21.5  31.9   2.90   1.6   0.0
  1 1991 304  15695  22.9  30.2   2.60   1.4   0.0
  1 1991 305   7631  22.6  27.0   2.71   1.0   7.1
  1 1991 306   9323  23.2  28.0   2.68   1.1   0.0
  1 1991 307  16451  22.7  30.1   2.74   1.5   0.2
  1 1991 308  19402  23.4  30.0   2.67   2.0   0.0
  1 1991 309   6263  22.4  27.2   2.69   1.0   2.2
  1 1991 310  13499  24.4  30.7   2.92   2.0   0.5
  1 1991 311   7739  23.8  27.5   3.00   0.9  16.4
  1 1991 312  10187  23.9  28.5   2.65   1.4   0.0
  1 1991 313  17603  21.2  29.5   2.56   1.8   2.8
  1 1991 314  18467  22.1  29.6   2.49   1.5   0.0
  1 1991 315  11339  19.1  28.3   2.48   0.9   0.0
  1 1991 316  14507  20.7  29.0   2.55   0.9   0.0
  1 1991 317  18683  19.2  31.7   2.56   1.1   0.0
  1 1991 318  16703  21.8  30.6   2.68   1.1   0.0
  1 1991 319  14327  22.2  30.0   2.74   2.0   0.0
  1 1991 320   9359  23.0  28.0   2.69   4.1 137.1
  1 1991 321   4932  23.2  25.9   2.70   2.3  36.2
  1 1991 322  17567  21.0  30.5   2.76   1.1   0.0
  1 1991 323  15947  22.4  31.0   2.88   1.6   0.0
  1 1991 324  13319  21.9  30.5   2.82   1.8  10.0
  1 1991 325  13355  23.5  29.0   2.78   2.0   3.1
  1 1991 326  13535  23.1  28.6   2.61   2.5   1.4
  1 1991 327  14579  23.7  29.2   2.67   2.3   3.0
  1 1991 328   6156  24.0  27.0   2.90   1.4  34.1
  1 1991 329  12095  23.0  29.1   2.77   1.7  11.7
  1 1991 330  10259  23.3  28.5   2.85   1.7   1.6
  1 1991 331  12491  24.0  29.5   2.82   1.6   1.0
  1 1991 332  17243  23.0  29.9   2.87   1.4   0.0
  1 1991 333  16379  23.5  29.0   2.74   1.5   0.0
  1 1991 334  16091  22.9  30.1   2.74   1.6   0.0
  1 1991 335  13067  23.0  29.0   2.62   1.6   0.0
  1 1991 336  11195  22.1  27.6   2.63   1.6   0.0
  1 1991 337   9827  21.5  28.0   2.40   1.8   0.1
  1 1991 338  10907  22.2  28.0   2.18   2.1   0.0
  1 1991 339  16739  21.1  28.2   2.25   2.3   0.0
  1 1991 340   9503  20.2  28.0   2.34   1.7   0.2
  1 1991 341  12383  22.0  28.8   2.66   2.2  11.2
  1 1991 342   8891  22.5  26.5   2.70   1.4  14.7
  1 1991 343  12527  22.5  28.5   2.57   2.8   8.2
  1 1991 344   5112  23.0  26.0   2.71   2.1  64.4
  1 1991 345   5112  23.0  25.0   2.75   1.4  30.3
  1 1991 346  12887  22.5  27.2   2.42   2.4   0.0
  1 1991 347  14183  22.5  27.9   2.64   2.5   0.1
  1 1991 348  12527  23.2  28.7   2.46   3.0   1.0
  1 1991 349  13031  22.9  28.1   2.58   2.4   0.1
  1 1991 350  17207  23.0  29.5   2.61   2.0   0.0
  1 1991 351  18862  22.5  30.0   2.38   2.0   0.3
  1 1991 352   8891  22.2  27.6   2.54   1.5   0.0
  1 1991 353  10475  22.4  28.5   2.74   1.7   1.0
  1 1991 354  13283  23.0  28.9   2.71   2.5   0.0
  1 1991 355  11735  23.2  28.0   2.55   1.9  12.3
  1 1991 356   7559  22.7  25.6   2.72   2.3   4.0
  1 1991 357  12131  23.8  27.8   2.48   2.1   4.5
  1 1991 358  16559  25.2  29.0   2.77   2.4   0.4
  1 1991 359  11519  22.2  29.2   2.55   1.7   3.6
  1 1991 360  11879  23.2  28.4   2.73   1.8   0.2
  1 1991 361  12347  21.3  28.7   2.63   1.2   0.1
  1 1991 362  17747  21.1  32.0   2.70   1.2   0.4
  1 1991 363   8567  23.2  27.0   2.63   1.3   2.8
  1 1991 364  15479  22.4  28.1   2.56   2.9   0.0
  1 1991 365  16307  23.0  28.7   2.49   2.2   0.0
";}i:1;a:9:{s:2:"id";s:1:"2";s:7:"country";s:11:"Philippines";s:12:"station_code";s:1:"1";s:12:"country_code";s:4:"phil";s:13:"site_latitude";s:6:"121.25";s:14:"site_longitude";s:5:"14.18";s:13:"site_altitude";s:4:"21.0";s:4:"year";s:4:"1992";s:4:"data";s:19067:"121.25  14.18  21.0  0.00  0.00
  1 1992   1  16379  21.6  29.0   2.38   1.9   0.0
  1 1992   2  15911  22.2  29.2   2.51   2.3   0.0
  1 1992   3  16631  21.5  29.0   2.50   2.5   0.0
  1 1992   4  18251  22.1  29.0   2.52   2.4   0.0
  1 1992   5  11519  21.6  29.0   2.61   1.1   0.9
  1 1992   6  15119  19.9  29.4   2.59   1.4   0.4
  1 1992   7  10475  21.2  28.0   2.72   1.2   2.2
  1 1992   8  16739  22.0  30.0   2.62   1.1   0.0
  1 1992   9  18862  20.6  29.5   2.51   1.7   0.0
  1 1992  10  12095  21.9  28.2   2.58   2.4   1.1
  1 1992  11   9467  22.0  26.5   2.42   2.5   0.0
  1 1992  12   9611  22.8  27.1   2.30   1.8   0.0
  1 1992  13  12023  22.5  28.0   2.33   1.4   0.6
  1 1992  14  11159  21.6  26.6   2.42   1.4   0.0
  1 1992  15  17135  19.3  28.4   2.29   1.4   0.0
  1 1992  16  18970  19.6  28.5   2.36   1.0   0.0
  1 1992  17  16955  19.2  29.0   2.39   1.1   0.0
  1 1992  18  14471  20.0  29.0   2.42   1.3   0.0
  1 1992  19  12455  21.0  28.6   2.58   1.1   0.7
  1 1992  20  18215  19.5  30.5   2.41   1.3   0.0
  1 1992  21  18611  22.5  29.5   2.45   2.1   0.0
  1 1992  22  14723  22.0  28.5   2.39   2.0   0.0
  1 1992  23  16667  21.4  29.0   2.32   2.1   0.0
  1 1992  24  14039  21.7  29.1   2.52   1.2   0.0
  1 1992  25  11735  22.0  28.6   2.70   1.6   0.0
  1 1992  26  18611  22.4  30.5   2.41   1.8   0.0
  1 1992  27  19078  21.6  29.0   2.41   3.3   0.0
  1 1992  28  10691  22.2  27.1   2.28   1.9   0.4
  1 1992  29   9539  22.5  27.2   2.66   1.9   1.6
  1 1992  30  17819  22.6  29.0   2.60   1.4   0.0
  1 1992  31  19726  22.2  31.9   2.71   1.1   0.0
  1 1992  32  10871  23.2  28.0   2.50   2.5   0.0
  1 1992  33  12707  22.7  27.7   2.49   2.7   0.0
  1 1992  34   9827  22.9  28.2   2.65   1.9   0.1
  1 1992  35   9287  23.2  27.5   2.73   1.1   3.8
  1 1992  36  17675  21.6  30.1   2.67   1.4   0.0
  1 1992  37  14543  22.4  29.9   2.62   1.9   0.0
  1 1992  38  19006  21.0  31.2   2.56   1.3   0.0
  1 1992  39  18539  21.0  30.0   2.50   1.8   0.0
  1 1992  40  15587  22.3  29.0   2.53   2.1   0.0
  1 1992  41  18647  22.0  30.0   2.55   2.2   0.0
  1 1992  42  18503  20.6  29.8   2.49   1.7   0.0
  1 1992  43  20842  20.6  30.7   2.48   1.9   0.0
  1 1992  44  20482  21.2  30.5   2.48   1.4   0.0
  1 1992  45  18647  21.9  30.0   2.54   2.0   0.0
  1 1992  46  16163  21.7  31.5   2.76   1.6   0.0
  1 1992  47  19654  21.1  31.1   2.68   1.3   0.0
  1 1992  48  19402  22.4  31.9   2.72   1.7   0.0
  1 1992  49  19186  21.4  32.1   2.63   1.1   0.0
  1 1992  50  20734  21.3  31.5   2.76   1.2   0.0
  1 1992  51  19186  19.7  31.6   2.64   1.3   0.0
  1 1992  52   5400  23.0  25.0   2.53   1.1   8.6
  1 1992  53  10871  22.5  27.5   2.53   1.5   4.4
  1 1992  54  22030  21.5  29.5   2.49   1.8   0.0
  1 1992  55  21130  20.7  29.0   2.45   2.1   0.0
  1 1992  56  18934  21.5  28.1   2.30   3.0   0.0
  1 1992  57  13823  19.7  26.0   1.86   2.4   0.0
  1 1992  58  18539  19.0  27.8   1.95   2.8   0.2
  1 1992  59  18683  19.5  29.5   2.45   2.3   0.0
  1 1992  60  15443  22.0  29.2   2.59   2.2   0.0
  1 1992  61  18719  22.0  31.0   2.62   2.0   0.0
  1 1992  62  19114  21.0  31.8   2.59   1.4   0.0
  1 1992  63  18539  22.0  31.5   2.69   1.5   0.0
  1 1992  64  22570  22.0  30.8   2.63   1.6   0.0
  1 1992  65  21130  20.8  32.1   2.65   1.3   0.0
  1 1992  66  21058  21.6  31.5   2.58   1.4   0.0
  1 1992  67  23398  21.7  30.7   2.58   1.6   0.0
  1 1992  68  22894  21.8  32.0   2.58   1.4   0.0
  1 1992  69  23470  21.7  31.0   2.55   1.6   0.0
  1 1992  70  20986  22.2  31.5   2.67   1.7   0.0
  1 1992  71  22714  21.5  31.2   2.63   2.2   0.0
  1 1992  72  24802  21.0  30.9   2.48   2.2   0.0
  1 1992  73  22426  20.9  30.5   2.48   2.4   0.0
  1 1992  74  23146  22.7  31.1   2.67   2.5   0.6
  1 1992  75  20590  22.2  31.2   2.70   2.1   0.0
  1 1992  76  24262  21.1  30.0   2.43   2.2   0.0
  1 1992  77  22390  21.4  31.5   2.64   1.6   0.0
  1 1992  78  20734  22.4  31.4   2.72   1.5   0.0
  1 1992  79  13139  24.5  29.8   2.97   1.6  37.8
  1 1992  80  22390  23.8  31.0   2.88   2.4   0.0
  1 1992  81  23110  24.1  31.4   2.65   2.3   0.0
  1 1992  82  14219  23.0  28.7   2.68   2.1   0.0
  1 1992  83  24694  22.1  31.6   2.70   2.2   0.0
  1 1992  84  20374  22.0  30.0   2.61   2.1   0.0
  1 1992  85  17351  21.9  30.9   2.66   1.7   0.0
  1 1992  86  13391  23.0  32.0   2.86   1.3   0.0
  1 1992  87  22246  23.5  31.5   2.74   2.2   0.8
  1 1992  88  22894  24.0  31.0   2.90   2.2   0.0
  1 1992  89  17459  23.8  30.5   2.67   2.1   0.0
  1 1992  90  24802  22.9  32.0   2.69   2.1   0.0
  1 1992  91  18179  22.8  32.0   2.80   1.5   0.0
  1 1992  92  25018  22.5  30.7   2.64   2.0   0.0
  1 1992  93  24658  21.9  31.0   2.68   1.8   0.0
  1 1992  94  21634  22.5  32.4   2.75   1.2   0.0
  1 1992  95  23866  23.3  33.5   2.83   1.2   0.0
  1 1992  96  23542  24.0  32.0   2.98   1.9   0.0
  1 1992  97  21742  23.3  32.6   2.74   1.5   0.0
  1 1992  98  23218  22.4  32.1   2.55   1.6   3.2
  1 1992  99  23074  24.0  32.0   2.90   2.2   0.0
  1 1992 100  20266  22.5  32.8   2.79   1.6   0.0
  1 1992 101  21382  22.3  34.5   2.84   1.3   0.0
  1 1992 102  19942  23.0  34.0   2.79   1.4   0.0
  1 1992 103  23866  22.6  32.5   2.95   1.3   0.0
  1 1992 104  23974  21.4  35.0   2.58   1.5   0.0
  1 1992 105  14651  23.2  32.3   2.80   1.1  29.6
  1 1992 106  19006  22.0  32.2   2.96   0.9   0.0
  1 1992 107  19474  23.5  33.2   3.01   1.1   0.0
  1 1992 108  22066  24.7  32.0   2.89   1.6   0.0
  1 1992 109  20626  24.0  34.0   3.06   1.0   0.4
  1 1992 110  20194  24.2  33.2   3.27   1.0   0.0
  1 1992 111  21634  24.2  34.5   3.09   1.0   0.0
  1 1992 112  20158  25.5  34.1   2.99   1.7   0.0
  1 1992 113  21742  23.7  35.4   3.14   1.0   0.0
  1 1992 114  21598  24.1  33.6   3.14   1.7   0.0
  1 1992 115  24226  24.1  32.5   2.98   2.5   1.4
  1 1992 116  24298  24.4  33.0   2.91   2.2   0.6
  1 1992 117  25558  24.4  32.8   2.98   2.3   0.0
  1 1992 118  21634  24.4  33.0   2.94   1.3   0.0
  1 1992 119  21238  24.9  33.0   2.92   1.9   0.0
  1 1992 120  24478  24.0  33.0   2.77   1.9   0.0
  1 1992 121  24478  24.0  33.9   2.94   1.5   0.0
  1 1992 122  23326  25.0  33.5   2.89   2.1   0.0
  1 1992 123  25990  24.3  31.7   2.49   2.4   0.0
  1 1992 124  25666  23.0  32.5   2.78   2.8   0.0
  1 1992 125  16523  23.6  33.0   2.77   2.1   0.0
  1 1992 126  24514  25.5  33.1   2.82   2.4   0.0
  1 1992 127  23110  23.6  32.8   2.79   2.3   0.0
  1 1992 128  22894  24.9  33.0   2.82   1.8   0.0
  1 1992 129  18503  23.7  34.0   3.04   1.2   0.1
  1 1992 130  23506  25.0  34.5   3.09   1.4   0.0
  1 1992 131  19078  25.0  33.1   3.09   1.1   0.0
  1 1992 132  24010  24.7  33.1   2.91   2.3   0.0
  1 1992 133  15587  25.0  32.2   2.94   1.6  18.0
  1 1992 134  25666  24.8  32.1   3.01   2.3   0.0
  1 1992 135  21058  25.0  33.5   3.04   1.9   4.6
  1 1992 136  22534  25.1  33.7   2.97   1.4   0.0
  1 1992 137  21706  25.1  34.5   3.09   1.2   0.0
  1 1992 138  16739  25.2  33.7   3.19   1.2   0.0
  1 1992 139  21418  24.4  34.0   3.24   1.6   6.0
  1 1992 140  18862  24.5  32.7   3.11   1.2   0.0
  1 1992 141  21958  23.7  34.0   3.05   1.5   2.6
  1 1992 142  16811  24.6  33.3   3.25   1.0   1.4
  1 1992 143  16163  24.8  32.7   3.24   1.0   2.6
  1 1992 144  14975  23.6  32.5   3.01   1.1   3.4
  1 1992 145  21562  23.5  34.5   2.84   1.1   0.0
  1 1992 146  17027  25.1  33.5   3.19   0.9   0.0
  1 1992 147  20482  24.2  34.2   2.96   1.1   0.0
  1 1992 148  17891  24.0  35.5   3.18   1.4  41.2
  1 1992 149  23434  24.5  33.1   3.21   1.5  23.4
  1 1992 150  17423  24.5  33.0   3.06   1.0   0.4
  1 1992 151  12779  25.0  31.9   3.00   1.2   1.4
  1 1992 152  13247  24.9  33.1   3.28   1.3   0.0
  1 1992 153  13931  25.7  32.0   2.92   1.2   2.4
  1 1992 154  15515  24.6  32.3   3.02   0.9   0.0
  1 1992 155  24154  25.2  34.2   2.98   1.5   0.0
  1 1992 156  22534  24.5  34.3   3.18   1.2   0.0
  1 1992 157  23974  23.7  35.0   3.09   1.4   0.0
  1 1992 158  20158  25.5  34.5   3.20   1.5   0.0
  1 1992 159  19798  26.4  34.6   3.10   1.5   5.9
  1 1992 160  18934  24.6  33.5   2.84   1.3   0.0
  1 1992 161  20230  25.6  34.2   2.88   1.6   0.0
  1 1992 162  18575  25.0  34.0   2.98   1.4   2.5
  1 1992 163  22498  25.5  33.5   3.14   2.0   0.0
  1 1992 164  19942  25.6  33.6   3.07   1.4   0.5
  1 1992 165  20842  25.1  34.5   3.09   1.4   0.1
  1 1992 166  21670  25.5  34.0   3.15   1.6   2.9
  1 1992 167  20302  24.5  33.8   3.19   1.5   0.0
  1 1992 168  18934  25.5  32.8   3.01   1.3   0.2
  1 1992 169  22462  25.0  34.3   3.01   1.2   0.0
  1 1992 170  18467  25.1  34.5   3.07   1.2   0.2
  1 1992 171  22606  25.2  34.6   3.04   1.5   0.0
  1 1992 172  12563  25.5  32.0   2.99   1.2  31.9
  1 1992 173  17927  24.6  33.8   3.16   1.0   7.1
  1 1992 174  18179  25.0  33.8   3.10   1.0   0.0
  1 1992 175  12923  25.2  32.6   3.20   1.2   1.6
  1 1992 176  15911  23.9  32.4   3.12   2.3   0.0
  1 1992 177  11447  26.2  30.5   3.09   1.8   0.0
  1 1992 178   6371  25.7  29.0   2.93   2.1   3.4
  1 1992 179  11195  25.5  31.5   2.66   1.7   4.7
  1 1992 180  21562  24.5  33.4   2.96   1.5   0.0
  1 1992 181  21382  23.6  34.1   2.84   1.7   0.0
  1 1992 182  16811  26.0  32.2   3.14   1.3   0.0
  1 1992 183  12419  25.4  30.0   2.98   1.2   2.2
  1 1992 184  13535  24.0  30.0   2.89   1.2   0.3
  1 1992 185  19654  22.2  33.0   2.92   1.4   0.0
  1 1992 186  20626  23.5  34.1   3.16   1.2   0.0
  1 1992 187  21742  23.1  33.5   3.14   1.2   9.6
  1 1992 188  21418  22.4  32.9   3.12   1.2   0.0
  1 1992 189  22102  22.2  33.2   2.92   0.9   0.0
  1 1992 190  22786  23.7  34.6   3.04   1.2   0.0
  1 1992 191  23110  24.0  33.3   3.06   2.1   0.0
  1 1992 192   8387  25.7  30.2   3.02   1.1  13.4
  1 1992 193   5256  25.0  29.0   2.92   2.4   4.8
  1 1992 194  17279  24.6  33.0   3.05   1.6  42.1
  1 1992 195  14579  22.8  31.4   2.77   1.1   4.2
  1 1992 196  13031  23.8  30.1   3.02   1.0  28.6
  1 1992 197  13211  23.1  30.3   2.98   0.8   5.0
  1 1992 198  18647  22.9  31.8   3.12   1.8   0.0
  1 1992 199  18251  23.8  32.0   3.03   1.0   0.0
  1 1992 200  10619  23.5  31.2   2.98   1.0   3.4
  1 1992 201   4320  23.6  27.0   2.95   1.1  51.6
  1 1992 202   4032  24.5  26.6   2.90   1.9  30.8
  1 1992 203  15047  23.3  30.8   2.82   1.3   0.2
  1 1992 204  18611  23.7  31.2   2.96   1.6   0.0
  1 1992 205  16343  22.9  32.0   2.93   0.8   3.1
  1 1992 206  14651  24.3  30.7   2.83   1.2   1.6
  1 1992 207  14399  23.7  31.1   2.74   1.2  43.2
  1 1992 208  10943  24.5  31.0   2.92   0.9   1.1
  1 1992 209  17783  23.7  31.7   2.99   1.1  33.1
  1 1992 210  15443  23.2  31.1   3.01   1.2  37.5
  1 1992 211  17819  23.8  31.0   3.08   1.3  62.8
  1 1992 212  19870  23.8  32.0   2.98   1.0  16.9
  1 1992 213  15443  23.5  30.6   3.02   0.8   0.7
  1 1992 214  16991  24.0  32.2   2.97   1.0   2.0
  1 1992 215  19222  23.6  32.1   3.16   0.9   0.5
  1 1992 216  20986  24.0  33.5   3.16   1.1   0.4
  1 1992 217  15443  24.4  32.0   2.99   0.8   5.8
  1 1992 218  24982  23.0  32.6   2.94   1.2   0.0
  1 1992 219  24334  24.0  33.0   3.01   1.2   0.0
  1 1992 220  21778  24.0  32.5   3.04   1.0   0.0
  1 1992 221  18754  24.0  33.0   3.07   1.1   5.6
  1 1992 222   8963  23.7  29.5   3.07   1.3   4.7
  1 1992 223  16631  23.6  30.7   2.81   1.0   1.8
  1 1992 224  24118  22.7  31.0   2.64   1.1   0.0
  1 1992 225  27142  24.0  32.1   2.97   1.3   0.0
  1 1992 226  17207  23.5  31.1   3.14   0.9   0.2
  1 1992 227  18107  23.6  31.6   2.88   2.0   3.8
  1 1992 228  16415  24.7  31.1   2.99   2.2  16.9
  1 1992 229  11987  24.4  30.0   2.71   2.2  18.6
  1 1992 230   7883  25.1  29.5   2.91   2.6  64.0
  1 1992 231   7163  23.7  28.3   2.91   3.1  30.6
  1 1992 232   3816  24.4  28.4   2.95   1.9  18.4
  1 1992 233   2268  25.6  28.6   3.11   1.9  39.9
  1 1992 234  10871  24.0  31.5   2.94   1.4   3.4
  1 1992 235  15011  24.5  30.8   3.00   1.1   0.0
  1 1992 236  19078  23.6  32.9   3.02   1.1   0.0
  1 1992 237  24370  23.6  32.9   3.06   1.2   0.0
  1 1992 238  12275  24.4  32.5   2.99   1.1   2.5
  1 1992 239   5148  24.8  30.0   3.06   1.8  39.0
  1 1992 240   2412  23.7  28.1   3.05   2.9  19.6
  1 1992 241  13607  23.8  30.5   2.95   6.6   3.7
  1 1992 242  11519  26.8  30.2   2.85   6.8  13.0
  1 1992 243  12995  26.5  30.2   3.07   6.0   6.0
  1 1992 244  12743  26.0  31.5   3.00   2.9   2.0
  1 1992 245  16595  26.6  33.0   3.41   1.9   2.1
  1 1992 246  13499  26.3  32.2   3.15   1.4   2.3
  1 1992 247  13103  26.4  31.0   2.98   2.4   0.8
  1 1992 248  10511  27.0  30.0   2.99   2.3   0.0
  1 1992 249  16199  27.0  32.0   3.02   1.8   3.2
  1 1992 250  17207  23.6  32.5   2.92   1.0   0.0
  1 1992 251  17963  23.5  31.4   3.16   0.8   1.3
  1 1992 252  14939  23.7  30.5   3.20   0.8   2.8
  1 1992 253  15227  23.8  31.0   3.18   0.9   9.5
  1 1992 254  17423  23.2  31.0   3.06   1.0  30.0
  1 1992 255  16559  23.6  31.5   3.05   0.9   3.0
  1 1992 256  23254  23.2  31.9   3.05   1.4   0.0
  1 1992 257  25306  23.0  31.7   3.03   1.0   0.0
  1 1992 258  19906  23.5  32.5   3.13   1.2  10.6
  1 1992 259  11339  24.3  30.2   3.11   0.9  57.1
  1 1992 260  18647  23.3  32.0   2.93   1.0   0.3
  1 1992 261  15623  23.5  31.8   3.03   0.8  33.8
  1 1992 262  16811  23.5  30.6   3.02   1.2   2.9
  1 1992 263  20086  23.0  31.5   2.91   0.9   1.0
  1 1992 264   8387  24.1  29.6   3.08   3.9  25.4
  1 1992 265   4788  24.5  28.2   2.82   3.3  29.3
  1 1992 266  14687  24.4  31.5   2.78   1.1   0.0
  1 1992 267  21742  23.7  31.6   2.98   0.8   0.0
  1 1992 268  25306  23.6  33.1   3.12   1.0   0.0
  1 1992 269  23542  24.0  32.5   2.97   1.3   0.3
  1 1992 270  24838  24.4  31.2   2.95   1.7   0.0
  1 1992 271  13715  24.5  30.5   3.04   0.9   6.7
  1 1992 272  21994  24.7  32.7   3.12   0.9   0.0
  1 1992 273  16595  24.5  32.5   3.08   0.8   0.0
  1 1992 274  17423  23.6  31.5   2.86   1.3   3.6
  1 1992 275  21238  24.6  31.7   3.16   1.2   1.0
  1 1992 276  20446  24.5  31.5   3.13   1.5   0.0
  1 1992 277  21526  24.3  31.7   2.96   1.5   2.3
  1 1992 278  18754  24.0  31.5   3.06   0.9   0.0
  1 1992 279  17999  24.0  30.6   2.98   1.2   0.3
  1 1992 280  15407  24.0  30.1   2.92   1.4  12.1
  1 1992 281  17387  24.5  31.1   2.97   1.5   0.2
  1 1992 282  23362  24.6  31.0   2.87   1.9   0.4
  1 1992 283  11375  24.7  30.0   2.95   1.0   0.2
  1 1992 284  16991  23.5  30.5   2.92   0.9   0.0
  1 1992 285  20158  24.3  32.8   3.08   0.9   0.0
  1 1992 286  22138  23.6  33.4   2.89   1.1   0.0
  1 1992 287  20770  24.6  32.7   2.96   1.3   0.0
  1 1992 288  16703  24.5  32.1   3.04   1.3   3.3
  1 1992 289  17387  23.4  30.7   2.84   2.1   0.6
  1 1992 290  20158  24.6  32.1   2.91   1.9   0.3
  1 1992 291  16631  24.5  31.3   3.01   1.6   1.2
  1 1992 292  15875  24.5  31.0   2.84   1.4  19.7
  1 1992 293  15695  23.1  31.2   2.94   0.9  29.6
  1 1992 294  23290  23.0  31.5   2.79   1.4   0.0
  1 1992 295  16055  24.1  31.7   2.79   1.0   0.0
  1 1992 296  12383  24.5  30.1   2.80   1.1   0.0
  1 1992 297   9755  23.9  29.5   2.80   0.6   0.5
  1 1992 298  11231  24.6  29.5   2.98   1.1   0.0
  1 1992 299   2736  24.0  26.5   2.38   2.1  74.0
  1 1992 300   8351  22.0  28.7   2.91   2.3   4.0
  1 1992 301  11879  24.4  32.0   2.83   0.8  10.9
  1 1992 302  21634  23.5  32.0   2.97   1.3   0.0
  1 1992 303  22426  24.0  32.0   2.99   1.3   0.0
  1 1992 304  14723  23.3  31.0   2.90   1.1   2.4
  1 1992 305  16991  24.0  31.5   3.10   1.5   3.2
  1 1992 306  15803  24.0  31.0   2.81   1.9  65.1
  1 1992 307   4644  23.9  26.5   2.81   1.5  15.3
  1 1992 308  13175  23.4  29.0   2.81   1.5   0.4
  1 1992 309  15623  22.6  29.0   2.65   1.7   3.5
  1 1992 310  21922  21.8  29.7   2.64   1.7   0.0
  1 1992 311  22606  21.5  30.5   2.45   1.2   0.0
  1 1992 312  19114  20.4  29.5   2.45   1.5   0.0
  1 1992 313  17243  21.2  28.7   2.61   1.6   0.0
  1 1992 314   7019  22.7  27.5   2.68   2.1   3.1
  1 1992 315   7883  23.7  27.7   2.52   2.1  50.2
  1 1992 316   3852  23.5  26.1   2.82   1.3 153.7
  1 1992 317   6192  23.4  25.6   2.83   1.5  34.8
  1 1992 318   7703  23.1  28.6   2.66   1.4   1.6
  1 1992 319  13895  23.3  29.8   2.78   1.9   9.5
  1 1992 320  14399  22.9  28.6   2.73   1.6   8.9
  1 1992 321  14687  23.6  30.0   2.94   1.6  22.5
  1 1992 322  15875  23.6  30.0   3.00   1.2   0.0
  1 1992 323  14111  23.5  29.7   2.65   1.3   1.2
  1 1992 324  20806  23.4  30.8   2.79   1.0   0.0
  1 1992 325  15047  23.3  31.5   2.86   1.1   1.5
  1 1992 326  10727  24.0  28.0   2.79   1.9   0.0
  1 1992 327  12095  23.8  28.5   2.68   1.8   0.0
  1 1992 328  18467  22.1  29.5   2.45   2.2   0.0
  1 1992 329  17207  21.4  29.0   2.44   1.8   0.0
  1 1992 330  17783  22.0  29.0   2.41   1.7   0.0
  1 1992 331  15731  20.1  28.2   2.31   1.9   0.0
  1 1992 332  20590  20.0  29.0   2.14   2.0   0.0
  1 1992 333  21346  19.0  30.1   2.37   0.8   0.0
  1 1992 334  20122  19.7  31.0   2.51   1.0   0.1
  1 1992 335   9251  23.1  28.0   2.73   0.9   5.4
  1 1992 336  12203  22.8  28.0   2.76   1.6   1.3
  1 1992 337  11483  22.6  28.5   2.81   1.9   4.3
  1 1992 338  14039  23.2  28.5   2.60   2.4   5.2
  1 1992 339  16559  23.2  29.2   2.68   2.5  12.0
  1 1992 340  17999  23.5  29.5   2.71   2.5   0.1
  1 1992 341  18719  22.6  29.9   2.83   2.1   0.5
  1 1992 342  11267  22.7  29.0   2.82   1.2   0.5
  1 1992 343  15947  23.0  30.0   2.85   1.7   0.2
  1 1992 344  14615  22.4  29.5   2.66   1.6   0.9
  1 1992 345  14399  22.0  28.7   2.65   1.5   0.0
  1 1992 346  13175  23.7  28.7   2.69   1.9   0.0
  1 1992 347  23074  21.5  30.8   2.58   1.8   0.0
  1 1992 348  23650  21.0  31.0   2.47   1.8   0.0
  1 1992 349  12815  22.0  29.0   2.62   1.1   0.0
  1 1992 350   9791  24.0  27.2   2.66   1.3   1.0
  1 1992 351  14255  21.5  28.7   2.56   1.3   0.1
  1 1992 352  11735  22.5  27.8   2.63   1.6   2.2
  1 1992 353  19690  21.2  29.5   2.52   2.5  24.2
  1 1992 354   6192  23.1  27.7   2.71   1.8  14.4
  1 1992 355  15119  22.5  28.5   2.44   2.3   0.0
  1 1992 356  11627  22.5  28.0   2.50   1.7  15.0
  1 1992 357  14255  22.4  29.5   2.71   1.6   3.4
  1 1992 358  20518  21.5  28.5   2.49   2.1   0.0
  1 1992 359   9215  21.5  27.0   2.14   2.1   0.9
  1 1992 360  19330  21.2  28.6   2.47   3.0   0.4
  1 1992 361  14759  22.0  29.0   2.53   2.2   6.0
  1 1992 362   9683  22.7  27.0   2.72   1.7   0.8
  1 1992 363   9323  23.5  28.2   2.80   1.2   0.0
  1 1992 364  17531  22.9  29.6   2.67   1.7   0.4
  1 1992 365  21994  20.7  30.0   2.57   2.2   0.0
  1 1992 366  23650  20.5  29.5   2.51   1.7   0.0

";}}s:13:"result_object";a:2:{i:0;O:8:"stdClass":9:{s:2:"id";s:1:"1";s:7:"country";s:11:"Philippines";s:12:"station_code";s:1:"1";s:12:"country_code";s:4:"phil";s:13:"site_latitude";s:6:"121.25";s:14:"site_longitude";s:5:"14.18";s:13:"site_altitude";s:4:"21.0";s:4:"year";s:4:"1991";s:4:"data";s:19013:"121.25  14.18  21.0  0.00  0.00
  1 1991   1   9683  23.6  28.4   2.82   0.9   2.1
  1 1991   2  14867  23.7  30.5   2.85   1.6   0.0
  1 1991   3  10187  21.6  28.5   2.45   1.6   0.0
  1 1991   4  19294  21.3  30.1   2.47   2.2   0.0
  1 1991   5  19546  20.6  31.0   2.60   1.1   0.0
  1 1991   6   9431  21.0  28.0   2.46   1.7   2.0
  1 1991   7  16343  22.1  29.8   2.63   1.8   0.0
  1 1991   8  16379  21.5  30.3   2.52   0.9   0.0
  1 1991   9   8855  22.6  27.5   2.62   2.3   0.0
  1 1991  10  11555  23.5  28.0   2.43   2.4   0.0
  1 1991  11  17531  22.1  30.0   2.46   1.7   0.0
  1 1991  12  17819  22.0  30.2   2.66   1.5   0.0
  1 1991  13   9647  22.3  27.6   2.62   1.8   0.1
  1 1991  14  10943  22.7  27.2   2.57   2.1   8.0
  1 1991  15   8099  22.8  25.9   2.68   1.3   7.2
  1 1991  16  17315  21.9  28.8   2.37   2.1   0.0
  1 1991  17  15983  20.6  29.0   2.47   2.1   0.0
  1 1991  18  18539  21.2  29.3   2.41   2.0   0.0
  1 1991  19  19942  21.1  30.0   2.57   2.3   0.0
  1 1991  20  20914  21.6  30.1   2.51   2.3   0.0
  1 1991  21  16919  21.7  29.5   2.60   2.1   0.0
  1 1991  22  14111  22.1  28.6   2.49   1.9   0.0
  1 1991  23   8027  23.0  26.1   2.64   1.8   3.2
  1 1991  24  15659  23.1  29.3   2.53   2.6   1.0
  1 1991  25  14903  22.5  29.0   2.45   2.0   0.0
  1 1991  26  15983  21.8  28.3   2.44   2.0   0.0
  1 1991  27  13643  20.0  28.4   2.47   1.8   0.0
  1 1991  28  14075  20.4  28.5   2.39   1.7   0.0
  1 1991  29  14507  21.0  28.2   2.46   1.2   0.1
  1 1991  30  15587  22.0  29.9   2.58   1.6   0.0
  1 1991  31  14975  22.6  28.9   2.66   1.2  23.1
  1 1991  32  13247  22.0  28.5   2.71   1.1   1.4
  1 1991  33  12059  23.0  28.7   2.70   1.1   1.5
  1 1991  34  12563  22.0  29.0   2.64   1.1   1.8
  1 1991  35  18215  22.3  31.3   2.69   1.2   0.0
  1 1991  36  19186  22.0  30.0   2.62   2.2   0.0
  1 1991  37  15983  22.0  30.5   2.54   1.4   0.0
  1 1991  38  18107  22.1  31.1   2.60   1.3   0.0
  1 1991  39  19006  21.9  30.9   2.59   1.7   0.0
  1 1991  40  11879  23.4  30.8   2.62   1.3   0.0
  1 1991  41  14543  22.0  31.0   2.62   1.7   0.0
  1 1991  42  19366  23.0  31.0   2.66   1.9   0.0
  1 1991  43  16739  23.1  31.5   2.68   2.0   0.0
  1 1991  44  15407  22.5  30.5   2.67   1.7   0.0
  1 1991  45  19222  22.0  30.5   2.64   1.3   0.0
  1 1991  46  21670  22.9  31.5   2.70   1.2   0.0
  1 1991  47  21310  22.1  31.2   2.67   1.6   0.0
  1 1991  48  21490  22.5  30.5   2.63   1.9   3.4
  1 1991  49   8711  21.5  25.0   2.63   1.2   7.1
  1 1991  50  13607  21.8  28.4   2.51   1.4   0.0
  1 1991  51   9827  21.6  26.5   2.42   1.4   0.7
  1 1991  52  19006  21.5  28.7   2.38   2.1   0.0
  1 1991  53  12527  21.9  26.1   2.47   2.0   2.0
  1 1991  54   9215  22.2  26.5   2.49   1.9   0.9
  1 1991  55   8963  22.0  26.7   2.37   2.2   0.0
  1 1991  56  10259  22.7  26.8   2.50   2.6   0.4
  1 1991  57  14363  21.8  26.7   2.44   2.5   0.0
  1 1991  58  22210  21.5  29.5   2.38   2.1   0.0
  1 1991  59  21274  20.5  29.5   2.49   2.0   0.0
  1 1991  60  23722  19.7  29.3   2.33   1.7   0.0
  1 1991  61  23542  20.1  29.1   2.41   1.9   0.0
  1 1991  62  23146  19.9  29.1   2.36   2.3   0.0
  1 1991  63  19078  21.9  29.4   2.50   1.6   0.0
  1 1991  64  17675  21.2  31.0   2.63   1.5   0.0
  1 1991  65  23326  21.5  30.0   2.64   2.1   0.0
  1 1991  66  23542  20.0  30.0   2.46   2.2   0.0
  1 1991  67  24370  22.5  30.5   2.68   2.0   0.0
  1 1991  68  22750  20.6  29.7   2.53   2.0   0.0
  1 1991  69  22534  21.0  30.2   2.35   2.2   0.0
  1 1991  70  21490  20.6  30.1   2.44   2.1   0.0
  1 1991  71  15947  20.4  28.7   2.60   1.9   0.8
  1 1991  72   5868  23.7  26.5   2.49   1.4  34.0
  1 1991  73   4068  23.0  25.6   2.92   1.4  34.0
  1 1991  74  16847  23.5  28.6   2.59   2.1   0.0
  1 1991  75  21130  22.2  30.1   2.62   1.8   0.0
  1 1991  76  21706  22.9  30.5   2.81   1.8   0.0
  1 1991  77  24118  23.4  30.4   2.70   2.0   0.0
  1 1991  78  17963  22.5  30.5   2.69   1.7   0.0
  1 1991  79  24658  24.5  30.7   2.79   1.9   0.0
  1 1991  80  12635  23.5  31.1   2.85   1.1   0.6
  1 1991  81  19330  24.2  31.3   2.90   1.4   0.0
  1 1991  82  23470  22.5  32.5   2.68   1.6   0.0
  1 1991  83  23650  23.1  31.5   2.80   1.9   0.0
  1 1991  84  18754  22.5  31.9   2.83   1.4   0.0
  1 1991  85  24442  22.6  31.0   2.66   2.0   0.0
  1 1991  86  24766  22.2  31.5   2.34   2.0   0.0
  1 1991  87  24082  21.6  30.5   2.49   2.2   0.0
  1 1991  88  16703  22.5  29.0   2.60   2.0   0.4
  1 1991  89  25054  22.0  30.5   2.37   2.1   0.0
  1 1991  90  19186  21.5  30.2   2.49   1.6   0.0
  1 1991  91  21274  24.5  30.1   2.81   2.0   0.0
  1 1991  92  16487  23.0  29.5   2.75   1.9   0.0
  1 1991  93  19186  22.6  30.0   2.69   2.1   0.0
  1 1991  94  24370  22.3  31.5   2.69   1.9   0.0
  1 1991  95  23542  22.2  32.0   2.73   1.4   0.0
  1 1991  96  20482  22.5  33.8   2.66   1.3   0.0
  1 1991  97  21778  22.1  34.5   2.76   1.1   0.0
  1 1991  98  20338  23.2  32.5   2.91   1.3   0.0
  1 1991  99  18575  23.7  31.6   2.87   1.5   0.0
  1 1991 100  15191  23.2  32.1   2.96   1.4   0.0
  1 1991 101  19762  22.5  31.8   2.68   1.8   0.0
  1 1991 102  26026  22.0  32.7   2.66   1.7   0.0
  1 1991 103  22678  22.7  32.1   2.87   1.8   0.0
  1 1991 104  24586  23.3  31.7   2.67   2.3   0.0
  1 1991 105  25126  23.5  32.0   2.82   2.3   0.0
  1 1991 106  20770  23.5  31.5   2.89   2.0   0.0
  1 1991 107  20014  25.4  32.2   3.01   2.0   0.0
  1 1991 108  24730  25.5  33.0   2.98   1.9   0.0
  1 1991 109  16091  26.0  32.0   3.17   1.2   5.2
  1 1991 110  24406  24.5  33.4   2.97   1.9   0.0
  1 1991 111  18215  24.6  31.2   2.91   1.9  17.4
  1 1991 112  20734  24.0  31.5   3.00   1.8   0.0
  1 1991 113  24046  23.7  31.5   2.85   2.4   0.0
  1 1991 114  21058  24.5  32.1   2.95   2.0   0.4
  1 1991 115  20122  23.8  32.0   2.94   2.1   1.9
  1 1991 116  12527  24.8  31.0   3.01   1.7   3.3
  1 1991 117  21778  24.0  33.0   2.97   1.6   0.0
  1 1991 118  19906  25.3  33.0   2.89   1.4   0.0
  1 1991 119  25918  24.1  34.2   3.05   1.2   0.0
  1 1991 120  23470  23.0  34.6   2.87   1.0   0.0
  1 1991 121  21814  23.1  34.5   2.95   1.3   0.0
  1 1991 122  20662  24.8  34.9   3.29   1.2   0.0
  1 1991 123  25702  25.4  33.6   2.95   2.2   0.0
  1 1991 124  11267  24.7  31.2   2.99   1.3  10.4
  1 1991 125  17423  24.5  32.0   2.91   1.7   0.0
  1 1991 126  25378  24.5  34.0   3.01   1.8   0.0
  1 1991 127  23506  24.7  33.7   2.99   1.9   0.0
  1 1991 128  24262  25.0  33.5   2.93   1.9   0.0
  1 1991 129  24406  24.7  33.2   2.97   2.0   0.1
  1 1991 130  24046  25.0  33.3   2.98   1.9   0.0
  1 1991 131  22534  24.5  32.1   2.88   1.7   0.0
  1 1991 132  23182  24.6  33.7   2.87   1.3   0.0
  1 1991 133  21670  24.1  34.4   2.79   1.2   0.0
  1 1991 134  21778  24.4  34.9   2.84   1.5   0.0
  1 1991 135  20122  23.0  34.4   2.67   1.4   0.0
  1 1991 136  22894  22.7  34.7   3.01   1.4   0.0
  1 1991 137  17891  25.1  35.0   3.02   1.2   3.0
  1 1991 138  15947  24.4  34.0   3.03   1.4  12.0
  1 1991 139  10979  25.5  30.2   3.14   1.2   0.4
  1 1991 140  25450  24.5  34.5   3.11   2.2   0.0
  1 1991 141  24982  25.0  33.6   3.07   1.0   0.0
  1 1991 142  22714  25.5  35.0   2.95   1.4   0.0
  1 1991 143  16703  26.0  34.0   3.12   1.1  23.8
  1 1991 144  25846  25.5  34.7   3.13   1.6   0.0
  1 1991 145  24622  22.6  33.5   2.70   2.0   0.0
  1 1991 146  26458  24.0  34.2   2.80   2.1   0.0
  1 1991 147  23254  24.7  33.4   2.94   1.9   0.0
  1 1991 148  17963  25.4  31.2   2.90   2.1   0.0
  1 1991 149  15083  25.8  31.5   3.01   1.9   0.0
  1 1991 150  16739  26.0  33.2   2.96   2.1   0.0
  1 1991 151  21994  25.9  34.0   3.01   2.4   0.0
  1 1991 152  22498  25.5  33.8   3.00   2.5   0.0
  1 1991 153  21886  25.5  34.0   3.01   2.3   0.0
  1 1991 154  15587  26.4  33.7   3.17   1.4   6.8
  1 1991 155  23326  25.1  33.7   3.18   2.2   0.0
  1 1991 156  20266  25.0  33.7   2.95   1.9   0.0
  1 1991 157  16091  25.1  33.1   3.03   1.3   8.0
  1 1991 158  25414  25.1  34.7   3.05   2.1   0.0
  1 1991 159  21022  25.0  34.3   2.85   1.8   0.0
  1 1991 160  17351  24.8  33.5   3.05   1.7  10.0
  1 1991 161  25666  23.9  34.2   2.98   2.2   0.0
  1 1991 162  23002  24.5  33.6   3.01   2.0   0.0
  1 1991 163  21814  25.7  34.0   2.93   1.7   0.0
  1 1991 164  18970  25.6  35.0   3.02   1.3   5.0
  1 1991 165   6767  25.5  29.2   3.25   1.7  66.8
  1 1991 166   5112  24.4  28.2   2.93   2.4   2.4
  1 1991 167  11591  24.4  30.0   2.79   2.1   4.4
  1 1991 168  14219  23.7  31.1   2.91   2.3   0.0
  1 1991 169  15443  26.4  32.1   3.04   2.1  11.4
  1 1991 170  16163  24.9  32.4   3.13   1.7   2.5
  1 1991 171  12131  25.0  31.6   2.95   1.3   1.6
  1 1991 172  20302  25.2  32.9   3.10   1.6   0.0
  1 1991 173  19510  23.6  33.5   2.92   1.3   0.0
  1 1991 174  17063  24.5  32.8   2.81   2.1   0.4
  1 1991 175  20914  25.6  34.0   3.04   1.6   0.0
  1 1991 176  22606  25.2  34.7   3.33   1.5   0.0
  1 1991 177  21058  24.3  33.9   3.09   1.9   7.0
  1 1991 178   4788  24.7  29.0   3.01   0.7  11.6
  1 1991 179  12959  24.9  30.6   3.13   1.2  19.8
  1 1991 180  12851  25.2  30.6   3.06   1.1  26.6
  1 1991 181  14831  24.1  32.4   3.04   1.5  90.4
  1 1991 182  23434  24.3  32.5   3.05   1.3   0.0
  1 1991 183  20122  24.4  33.5   3.00   1.1   1.6
  1 1991 184  21454  24.8  32.5   3.10   1.7   0.5
  1 1991 185  19654  25.4  32.5   3.21   1.1   3.6
  1 1991 186  22174  24.7  32.6   3.15   1.5   0.0
  1 1991 187  25018  23.9  33.2   3.09   1.6   0.0
  1 1991 188  18970  25.2  32.5   3.00   1.5   0.0
  1 1991 189  20266  24.9  32.1   2.98   1.6   0.0
  1 1991 190  19366  24.7  33.0   3.05   2.1 128.0
  1 1991 191   2952  23.4  27.0   3.10   4.2  32.4
  1 1991 192  12599  24.2  29.5   2.88   1.9   3.6
  1 1991 193  12347  24.2  31.1   2.85   1.1  31.5
  1 1991 194  21814  22.7  32.0   3.00   1.2   0.0
  1 1991 195  21130  23.5  32.0   3.00   1.2   0.0
  1 1991 196  21850  24.0  33.0   3.04   1.1   0.1
  1 1991 197  18251  24.0  32.5   3.03   1.2   4.7
  1 1991 198  20518  25.5  32.5   3.10   3.1   0.0
  1 1991 199   7487  27.5  30.0   2.74   2.5   3.0
  1 1991 200   8963  25.4  30.2   3.01   1.4   5.2
  1 1991 201  15479  24.4  31.0   2.88   1.0   1.8
  1 1991 202   8315  24.5  29.8   2.98   1.3   8.8
  1 1991 203   8423  24.5  29.2   2.76   2.6   0.0
  1 1991 204  10943  25.3  29.2   3.14   1.5  16.1
  1 1991 205  10655  23.9  29.9   3.06   1.3  39.1
  1 1991 206   8999  23.7  30.0   2.97   1.6  23.4
  1 1991 207   5616  24.0  28.6   2.73   1.8  20.4
  1 1991 208   6407  23.2  29.5   2.99   1.1   0.0
  1 1991 209  21166  23.1  32.6   2.85   1.6   0.0
  1 1991 210  20914  23.9  32.7   2.86   1.3   0.0
  1 1991 211  23074  22.4  32.5   2.92   1.2   0.0
  1 1991 212  21814  23.5  32.5   2.99   1.7   0.1
  1 1991 213   7235  25.2  27.4   2.96   0.7   5.5
  1 1991 214  15803  23.0  30.9   2.80   1.0   0.7
  1 1991 215  22030  23.1  31.7   2.89   1.4  28.3
  1 1991 216  16235  24.1  32.5   2.82   1.1  80.2
  1 1991 217  13643  23.5  29.0   2.87   0.9   8.3
  1 1991 218  21310  24.0  32.0   2.94   1.2   0.0
  1 1991 219  22930  23.7  33.2   2.96   1.3   0.0
  1 1991 220  18107  24.0  32.1   3.04   1.4   1.0
  1 1991 221  13895  23.9  32.0   3.09   1.1   0.0
  1 1991 222  15659  24.5  31.2   3.00   1.4  10.6
  1 1991 223  11591  24.0  30.3   3.29   1.0   9.3
  1 1991 224  10331  24.5  28.1   2.94   1.5   9.2
  1 1991 225   6407  24.6  28.5   2.86   1.6  30.8
  1 1991 226   9827  23.4  30.1   2.95   1.5   6.0
  1 1991 227   9683  24.8  30.5   3.01   1.3  14.6
  1 1991 228   6443  24.4  28.7   3.10   1.0  28.2
  1 1991 229   2628  24.0  25.5   2.99   1.1  74.0
  1 1991 230   4320  23.9  27.0   3.04   1.6  62.0
  1 1991 231   6551  24.4  28.0   3.03   1.2  19.0
  1 1991 232   5940  24.5  28.1   3.09   1.7  46.0
  1 1991 233   7379  25.0  28.5   2.99   1.1   7.1
  1 1991 234   8063  23.9  29.5   3.12   1.6   0.3
  1 1991 235  17027  25.8  31.5   3.14   2.4   1.6
  1 1991 236  11339  26.0  30.5   3.02   1.8   0.2
  1 1991 237  11663  26.0  31.0   3.00   1.8  20.9
  1 1991 238   8927  23.7  28.0   2.87   0.9  10.1
  1 1991 239  17243  24.5  31.0   3.03   1.4   3.2
  1 1991 240   9791  24.0  28.6   3.04   1.8   7.4
  1 1991 241   8963  24.9  29.9   3.00   1.6   3.1
  1 1991 242  14291  24.6  31.0   3.13   1.1   1.9
  1 1991 243  10079  25.0  29.0   3.19   0.7   3.8
  1 1991 244  19726  24.5  32.6   3.03   1.5   2.0
  1 1991 245  14507  25.0  31.5   2.81   2.1  25.8
  1 1991 246   7847  24.0  28.2   2.88   3.0   3.8
  1 1991 247  13463  24.5  31.5   2.93   1.6   2.6
  1 1991 248  22282  23.2  32.5   2.99   1.5   0.0
  1 1991 249  23650  23.5  32.6   2.95   2.9   0.0
  1 1991 250  17819  27.8  31.9   2.76   2.5   0.0
  1 1991 251  13355  24.2  31.1   2.86   1.2  10.2
  1 1991 252  16343  24.5  30.9   3.22   0.9   0.4
  1 1991 253  16487  23.9  32.5   3.06   0.8   4.8
  1 1991 254  20734  24.2  32.7   3.05   1.0   0.0
  1 1991 255  17711  24.1  33.2   3.17   0.9   0.0
  1 1991 256  16271  24.4  31.0   3.23   0.9   0.0
  1 1991 257  21454  24.6  32.0   3.06   1.5   0.0
  1 1991 258  12959  25.0  30.0   2.99   1.3   3.0
  1 1991 259   9323  25.0  31.4   3.03   1.8   1.2
  1 1991 260  17639  26.5  31.6   2.97   3.3  34.6
  1 1991 261  13283  25.1  31.0   2.89   2.8   3.2
  1 1991 262  11915  26.9  30.5   3.06   2.1  12.3
  1 1991 263  10835  25.0  30.5   3.20   1.3   0.1
  1 1991 264  12311  24.4  29.6   2.93   1.0  18.3
  1 1991 265  13175  23.5  31.2   2.88   0.9   0.2
  1 1991 266  17711  24.2  31.5   2.95   1.3  14.8
  1 1991 267  19906  24.0  31.4   3.04   2.1  17.6
  1 1991 268  10619  24.5  29.5   2.78   1.8  14.5
  1 1991 269  20734  24.2  31.4   2.66   2.2   0.0
  1 1991 270  11051  25.0  31.0   2.98   1.5   0.0
  1 1991 271  14219  23.5  31.5   2.88   1.4   6.4
  1 1991 272  15587  23.0  30.7   3.01   1.3   4.7
  1 1991 273  18754  22.9  31.5   2.98   1.5   0.0
  1 1991 274  16595  22.0  32.2   2.72   1.0   0.0
  1 1991 275  16667  23.6  32.0   3.04   0.8   0.2
  1 1991 276  16091  23.5  31.0   2.99   1.0   2.3
  1 1991 277  21166  24.4  32.9   3.09   1.2   9.1
  1 1991 278  20986  23.4  32.1   2.91   0.9   0.0
  1 1991 279  19222  23.5  31.6   2.83   0.9   0.0
  1 1991 280  18611  24.5  32.5   3.03   1.2   0.0
  1 1991 281  19294  24.2  31.5   2.83   1.0   0.0
  1 1991 282  15443  23.4  31.0   2.85   0.8   0.0
  1 1991 283  14579  22.0  30.5   3.04   0.7   1.9
  1 1991 284  17747  22.0  31.4   3.00   1.0   0.0
  1 1991 285  17495  22.3  31.8   3.01   1.0   0.0
  1 1991 286  18826  23.0  32.2   3.09   1.0   0.0
  1 1991 287  16883  23.4  32.1   2.95   1.0   0.0
  1 1991 288  13787  24.0  30.0   2.85   1.4   0.0
  1 1991 289  20770  23.0  31.5   2.56   1.3   0.0
  1 1991 290  21022  22.9  31.5   2.90   1.4   0.0
  1 1991 291  14147  23.0  30.6   2.86   1.4   0.0
  1 1991 292  18934  23.4  31.0   2.91   1.8   0.0
  1 1991 293  17351  24.1  30.7   2.74   1.7  24.4
  1 1991 294  10475  24.0  29.6   2.91   1.6  13.2
  1 1991 295   4068  24.8  26.5   2.96   1.2  11.7
  1 1991 296  13211  24.0  29.5   2.76   1.7   0.2
  1 1991 297  19474  22.2  31.2   2.62   1.0   0.0
  1 1991 298  16127  22.7  31.6   2.85   0.7   0.0
  1 1991 299  11807  22.7  29.9   2.91   2.5   0.0
  1 1991 300  10043  24.5  29.4   2.63   6.2   1.8
  1 1991 301  10367  25.7  29.0   2.86   3.8   0.5
  1 1991 302  11447  25.3  30.1   2.84   1.2   0.0
  1 1991 303  20482  21.5  31.9   2.90   1.6   0.0
  1 1991 304  15695  22.9  30.2   2.60   1.4   0.0
  1 1991 305   7631  22.6  27.0   2.71   1.0   7.1
  1 1991 306   9323  23.2  28.0   2.68   1.1   0.0
  1 1991 307  16451  22.7  30.1   2.74   1.5   0.2
  1 1991 308  19402  23.4  30.0   2.67   2.0   0.0
  1 1991 309   6263  22.4  27.2   2.69   1.0   2.2
  1 1991 310  13499  24.4  30.7   2.92   2.0   0.5
  1 1991 311   7739  23.8  27.5   3.00   0.9  16.4
  1 1991 312  10187  23.9  28.5   2.65   1.4   0.0
  1 1991 313  17603  21.2  29.5   2.56   1.8   2.8
  1 1991 314  18467  22.1  29.6   2.49   1.5   0.0
  1 1991 315  11339  19.1  28.3   2.48   0.9   0.0
  1 1991 316  14507  20.7  29.0   2.55   0.9   0.0
  1 1991 317  18683  19.2  31.7   2.56   1.1   0.0
  1 1991 318  16703  21.8  30.6   2.68   1.1   0.0
  1 1991 319  14327  22.2  30.0   2.74   2.0   0.0
  1 1991 320   9359  23.0  28.0   2.69   4.1 137.1
  1 1991 321   4932  23.2  25.9   2.70   2.3  36.2
  1 1991 322  17567  21.0  30.5   2.76   1.1   0.0
  1 1991 323  15947  22.4  31.0   2.88   1.6   0.0
  1 1991 324  13319  21.9  30.5   2.82   1.8  10.0
  1 1991 325  13355  23.5  29.0   2.78   2.0   3.1
  1 1991 326  13535  23.1  28.6   2.61   2.5   1.4
  1 1991 327  14579  23.7  29.2   2.67   2.3   3.0
  1 1991 328   6156  24.0  27.0   2.90   1.4  34.1
  1 1991 329  12095  23.0  29.1   2.77   1.7  11.7
  1 1991 330  10259  23.3  28.5   2.85   1.7   1.6
  1 1991 331  12491  24.0  29.5   2.82   1.6   1.0
  1 1991 332  17243  23.0  29.9   2.87   1.4   0.0
  1 1991 333  16379  23.5  29.0   2.74   1.5   0.0
  1 1991 334  16091  22.9  30.1   2.74   1.6   0.0
  1 1991 335  13067  23.0  29.0   2.62   1.6   0.0
  1 1991 336  11195  22.1  27.6   2.63   1.6   0.0
  1 1991 337   9827  21.5  28.0   2.40   1.8   0.1
  1 1991 338  10907  22.2  28.0   2.18   2.1   0.0
  1 1991 339  16739  21.1  28.2   2.25   2.3   0.0
  1 1991 340   9503  20.2  28.0   2.34   1.7   0.2
  1 1991 341  12383  22.0  28.8   2.66   2.2  11.2
  1 1991 342   8891  22.5  26.5   2.70   1.4  14.7
  1 1991 343  12527  22.5  28.5   2.57   2.8   8.2
  1 1991 344   5112  23.0  26.0   2.71   2.1  64.4
  1 1991 345   5112  23.0  25.0   2.75   1.4  30.3
  1 1991 346  12887  22.5  27.2   2.42   2.4   0.0
  1 1991 347  14183  22.5  27.9   2.64   2.5   0.1
  1 1991 348  12527  23.2  28.7   2.46   3.0   1.0
  1 1991 349  13031  22.9  28.1   2.58   2.4   0.1
  1 1991 350  17207  23.0  29.5   2.61   2.0   0.0
  1 1991 351  18862  22.5  30.0   2.38   2.0   0.3
  1 1991 352   8891  22.2  27.6   2.54   1.5   0.0
  1 1991 353  10475  22.4  28.5   2.74   1.7   1.0
  1 1991 354  13283  23.0  28.9   2.71   2.5   0.0
  1 1991 355  11735  23.2  28.0   2.55   1.9  12.3
  1 1991 356   7559  22.7  25.6   2.72   2.3   4.0
  1 1991 357  12131  23.8  27.8   2.48   2.1   4.5
  1 1991 358  16559  25.2  29.0   2.77   2.4   0.4
  1 1991 359  11519  22.2  29.2   2.55   1.7   3.6
  1 1991 360  11879  23.2  28.4   2.73   1.8   0.2
  1 1991 361  12347  21.3  28.7   2.63   1.2   0.1
  1 1991 362  17747  21.1  32.0   2.70   1.2   0.4
  1 1991 363   8567  23.2  27.0   2.63   1.3   2.8
  1 1991 364  15479  22.4  28.1   2.56   2.9   0.0
  1 1991 365  16307  23.0  28.7   2.49   2.2   0.0
";}i:1;O:8:"stdClass":9:{s:2:"id";s:1:"2";s:7:"country";s:11:"Philippines";s:12:"station_code";s:1:"1";s:12:"country_code";s:4:"phil";s:13:"site_latitude";s:6:"121.25";s:14:"site_longitude";s:5:"14.18";s:13:"site_altitude";s:4:"21.0";s:4:"year";s:4:"1992";s:4:"data";s:19067:"121.25  14.18  21.0  0.00  0.00
  1 1992   1  16379  21.6  29.0   2.38   1.9   0.0
  1 1992   2  15911  22.2  29.2   2.51   2.3   0.0
  1 1992   3  16631  21.5  29.0   2.50   2.5   0.0
  1 1992   4  18251  22.1  29.0   2.52   2.4   0.0
  1 1992   5  11519  21.6  29.0   2.61   1.1   0.9
  1 1992   6  15119  19.9  29.4   2.59   1.4   0.4
  1 1992   7  10475  21.2  28.0   2.72   1.2   2.2
  1 1992   8  16739  22.0  30.0   2.62   1.1   0.0
  1 1992   9  18862  20.6  29.5   2.51   1.7   0.0
  1 1992  10  12095  21.9  28.2   2.58   2.4   1.1
  1 1992  11   9467  22.0  26.5   2.42   2.5   0.0
  1 1992  12   9611  22.8  27.1   2.30   1.8   0.0
  1 1992  13  12023  22.5  28.0   2.33   1.4   0.6
  1 1992  14  11159  21.6  26.6   2.42   1.4   0.0
  1 1992  15  17135  19.3  28.4   2.29   1.4   0.0
  1 1992  16  18970  19.6  28.5   2.36   1.0   0.0
  1 1992  17  16955  19.2  29.0   2.39   1.1   0.0
  1 1992  18  14471  20.0  29.0   2.42   1.3   0.0
  1 1992  19  12455  21.0  28.6   2.58   1.1   0.7
  1 1992  20  18215  19.5  30.5   2.41   1.3   0.0
  1 1992  21  18611  22.5  29.5   2.45   2.1   0.0
  1 1992  22  14723  22.0  28.5   2.39   2.0   0.0
  1 1992  23  16667  21.4  29.0   2.32   2.1   0.0
  1 1992  24  14039  21.7  29.1   2.52   1.2   0.0
  1 1992  25  11735  22.0  28.6   2.70   1.6   0.0
  1 1992  26  18611  22.4  30.5   2.41   1.8   0.0
  1 1992  27  19078  21.6  29.0   2.41   3.3   0.0
  1 1992  28  10691  22.2  27.1   2.28   1.9   0.4
  1 1992  29   9539  22.5  27.2   2.66   1.9   1.6
  1 1992  30  17819  22.6  29.0   2.60   1.4   0.0
  1 1992  31  19726  22.2  31.9   2.71   1.1   0.0
  1 1992  32  10871  23.2  28.0   2.50   2.5   0.0
  1 1992  33  12707  22.7  27.7   2.49   2.7   0.0
  1 1992  34   9827  22.9  28.2   2.65   1.9   0.1
  1 1992  35   9287  23.2  27.5   2.73   1.1   3.8
  1 1992  36  17675  21.6  30.1   2.67   1.4   0.0
  1 1992  37  14543  22.4  29.9   2.62   1.9   0.0
  1 1992  38  19006  21.0  31.2   2.56   1.3   0.0
  1 1992  39  18539  21.0  30.0   2.50   1.8   0.0
  1 1992  40  15587  22.3  29.0   2.53   2.1   0.0
  1 1992  41  18647  22.0  30.0   2.55   2.2   0.0
  1 1992  42  18503  20.6  29.8   2.49   1.7   0.0
  1 1992  43  20842  20.6  30.7   2.48   1.9   0.0
  1 1992  44  20482  21.2  30.5   2.48   1.4   0.0
  1 1992  45  18647  21.9  30.0   2.54   2.0   0.0
  1 1992  46  16163  21.7  31.5   2.76   1.6   0.0
  1 1992  47  19654  21.1  31.1   2.68   1.3   0.0
  1 1992  48  19402  22.4  31.9   2.72   1.7   0.0
  1 1992  49  19186  21.4  32.1   2.63   1.1   0.0
  1 1992  50  20734  21.3  31.5   2.76   1.2   0.0
  1 1992  51  19186  19.7  31.6   2.64   1.3   0.0
  1 1992  52   5400  23.0  25.0   2.53   1.1   8.6
  1 1992  53  10871  22.5  27.5   2.53   1.5   4.4
  1 1992  54  22030  21.5  29.5   2.49   1.8   0.0
  1 1992  55  21130  20.7  29.0   2.45   2.1   0.0
  1 1992  56  18934  21.5  28.1   2.30   3.0   0.0
  1 1992  57  13823  19.7  26.0   1.86   2.4   0.0
  1 1992  58  18539  19.0  27.8   1.95   2.8   0.2
  1 1992  59  18683  19.5  29.5   2.45   2.3   0.0
  1 1992  60  15443  22.0  29.2   2.59   2.2   0.0
  1 1992  61  18719  22.0  31.0   2.62   2.0   0.0
  1 1992  62  19114  21.0  31.8   2.59   1.4   0.0
  1 1992  63  18539  22.0  31.5   2.69   1.5   0.0
  1 1992  64  22570  22.0  30.8   2.63   1.6   0.0
  1 1992  65  21130  20.8  32.1   2.65   1.3   0.0
  1 1992  66  21058  21.6  31.5   2.58   1.4   0.0
  1 1992  67  23398  21.7  30.7   2.58   1.6   0.0
  1 1992  68  22894  21.8  32.0   2.58   1.4   0.0
  1 1992  69  23470  21.7  31.0   2.55   1.6   0.0
  1 1992  70  20986  22.2  31.5   2.67   1.7   0.0
  1 1992  71  22714  21.5  31.2   2.63   2.2   0.0
  1 1992  72  24802  21.0  30.9   2.48   2.2   0.0
  1 1992  73  22426  20.9  30.5   2.48   2.4   0.0
  1 1992  74  23146  22.7  31.1   2.67   2.5   0.6
  1 1992  75  20590  22.2  31.2   2.70   2.1   0.0
  1 1992  76  24262  21.1  30.0   2.43   2.2   0.0
  1 1992  77  22390  21.4  31.5   2.64   1.6   0.0
  1 1992  78  20734  22.4  31.4   2.72   1.5   0.0
  1 1992  79  13139  24.5  29.8   2.97   1.6  37.8
  1 1992  80  22390  23.8  31.0   2.88   2.4   0.0
  1 1992  81  23110  24.1  31.4   2.65   2.3   0.0
  1 1992  82  14219  23.0  28.7   2.68   2.1   0.0
  1 1992  83  24694  22.1  31.6   2.70   2.2   0.0
  1 1992  84  20374  22.0  30.0   2.61   2.1   0.0
  1 1992  85  17351  21.9  30.9   2.66   1.7   0.0
  1 1992  86  13391  23.0  32.0   2.86   1.3   0.0
  1 1992  87  22246  23.5  31.5   2.74   2.2   0.8
  1 1992  88  22894  24.0  31.0   2.90   2.2   0.0
  1 1992  89  17459  23.8  30.5   2.67   2.1   0.0
  1 1992  90  24802  22.9  32.0   2.69   2.1   0.0
  1 1992  91  18179  22.8  32.0   2.80   1.5   0.0
  1 1992  92  25018  22.5  30.7   2.64   2.0   0.0
  1 1992  93  24658  21.9  31.0   2.68   1.8   0.0
  1 1992  94  21634  22.5  32.4   2.75   1.2   0.0
  1 1992  95  23866  23.3  33.5   2.83   1.2   0.0
  1 1992  96  23542  24.0  32.0   2.98   1.9   0.0
  1 1992  97  21742  23.3  32.6   2.74   1.5   0.0
  1 1992  98  23218  22.4  32.1   2.55   1.6   3.2
  1 1992  99  23074  24.0  32.0   2.90   2.2   0.0
  1 1992 100  20266  22.5  32.8   2.79   1.6   0.0
  1 1992 101  21382  22.3  34.5   2.84   1.3   0.0
  1 1992 102  19942  23.0  34.0   2.79   1.4   0.0
  1 1992 103  23866  22.6  32.5   2.95   1.3   0.0
  1 1992 104  23974  21.4  35.0   2.58   1.5   0.0
  1 1992 105  14651  23.2  32.3   2.80   1.1  29.6
  1 1992 106  19006  22.0  32.2   2.96   0.9   0.0
  1 1992 107  19474  23.5  33.2   3.01   1.1   0.0
  1 1992 108  22066  24.7  32.0   2.89   1.6   0.0
  1 1992 109  20626  24.0  34.0   3.06   1.0   0.4
  1 1992 110  20194  24.2  33.2   3.27   1.0   0.0
  1 1992 111  21634  24.2  34.5   3.09   1.0   0.0
  1 1992 112  20158  25.5  34.1   2.99   1.7   0.0
  1 1992 113  21742  23.7  35.4   3.14   1.0   0.0
  1 1992 114  21598  24.1  33.6   3.14   1.7   0.0
  1 1992 115  24226  24.1  32.5   2.98   2.5   1.4
  1 1992 116  24298  24.4  33.0   2.91   2.2   0.6
  1 1992 117  25558  24.4  32.8   2.98   2.3   0.0
  1 1992 118  21634  24.4  33.0   2.94   1.3   0.0
  1 1992 119  21238  24.9  33.0   2.92   1.9   0.0
  1 1992 120  24478  24.0  33.0   2.77   1.9   0.0
  1 1992 121  24478  24.0  33.9   2.94   1.5   0.0
  1 1992 122  23326  25.0  33.5   2.89   2.1   0.0
  1 1992 123  25990  24.3  31.7   2.49   2.4   0.0
  1 1992 124  25666  23.0  32.5   2.78   2.8   0.0
  1 1992 125  16523  23.6  33.0   2.77   2.1   0.0
  1 1992 126  24514  25.5  33.1   2.82   2.4   0.0
  1 1992 127  23110  23.6  32.8   2.79   2.3   0.0
  1 1992 128  22894  24.9  33.0   2.82   1.8   0.0
  1 1992 129  18503  23.7  34.0   3.04   1.2   0.1
  1 1992 130  23506  25.0  34.5   3.09   1.4   0.0
  1 1992 131  19078  25.0  33.1   3.09   1.1   0.0
  1 1992 132  24010  24.7  33.1   2.91   2.3   0.0
  1 1992 133  15587  25.0  32.2   2.94   1.6  18.0
  1 1992 134  25666  24.8  32.1   3.01   2.3   0.0
  1 1992 135  21058  25.0  33.5   3.04   1.9   4.6
  1 1992 136  22534  25.1  33.7   2.97   1.4   0.0
  1 1992 137  21706  25.1  34.5   3.09   1.2   0.0
  1 1992 138  16739  25.2  33.7   3.19   1.2   0.0
  1 1992 139  21418  24.4  34.0   3.24   1.6   6.0
  1 1992 140  18862  24.5  32.7   3.11   1.2   0.0
  1 1992 141  21958  23.7  34.0   3.05   1.5   2.6
  1 1992 142  16811  24.6  33.3   3.25   1.0   1.4
  1 1992 143  16163  24.8  32.7   3.24   1.0   2.6
  1 1992 144  14975  23.6  32.5   3.01   1.1   3.4
  1 1992 145  21562  23.5  34.5   2.84   1.1   0.0
  1 1992 146  17027  25.1  33.5   3.19   0.9   0.0
  1 1992 147  20482  24.2  34.2   2.96   1.1   0.0
  1 1992 148  17891  24.0  35.5   3.18   1.4  41.2
  1 1992 149  23434  24.5  33.1   3.21   1.5  23.4
  1 1992 150  17423  24.5  33.0   3.06   1.0   0.4
  1 1992 151  12779  25.0  31.9   3.00   1.2   1.4
  1 1992 152  13247  24.9  33.1   3.28   1.3   0.0
  1 1992 153  13931  25.7  32.0   2.92   1.2   2.4
  1 1992 154  15515  24.6  32.3   3.02   0.9   0.0
  1 1992 155  24154  25.2  34.2   2.98   1.5   0.0
  1 1992 156  22534  24.5  34.3   3.18   1.2   0.0
  1 1992 157  23974  23.7  35.0   3.09   1.4   0.0
  1 1992 158  20158  25.5  34.5   3.20   1.5   0.0
  1 1992 159  19798  26.4  34.6   3.10   1.5   5.9
  1 1992 160  18934  24.6  33.5   2.84   1.3   0.0
  1 1992 161  20230  25.6  34.2   2.88   1.6   0.0
  1 1992 162  18575  25.0  34.0   2.98   1.4   2.5
  1 1992 163  22498  25.5  33.5   3.14   2.0   0.0
  1 1992 164  19942  25.6  33.6   3.07   1.4   0.5
  1 1992 165  20842  25.1  34.5   3.09   1.4   0.1
  1 1992 166  21670  25.5  34.0   3.15   1.6   2.9
  1 1992 167  20302  24.5  33.8   3.19   1.5   0.0
  1 1992 168  18934  25.5  32.8   3.01   1.3   0.2
  1 1992 169  22462  25.0  34.3   3.01   1.2   0.0
  1 1992 170  18467  25.1  34.5   3.07   1.2   0.2
  1 1992 171  22606  25.2  34.6   3.04   1.5   0.0
  1 1992 172  12563  25.5  32.0   2.99   1.2  31.9
  1 1992 173  17927  24.6  33.8   3.16   1.0   7.1
  1 1992 174  18179  25.0  33.8   3.10   1.0   0.0
  1 1992 175  12923  25.2  32.6   3.20   1.2   1.6
  1 1992 176  15911  23.9  32.4   3.12   2.3   0.0
  1 1992 177  11447  26.2  30.5   3.09   1.8   0.0
  1 1992 178   6371  25.7  29.0   2.93   2.1   3.4
  1 1992 179  11195  25.5  31.5   2.66   1.7   4.7
  1 1992 180  21562  24.5  33.4   2.96   1.5   0.0
  1 1992 181  21382  23.6  34.1   2.84   1.7   0.0
  1 1992 182  16811  26.0  32.2   3.14   1.3   0.0
  1 1992 183  12419  25.4  30.0   2.98   1.2   2.2
  1 1992 184  13535  24.0  30.0   2.89   1.2   0.3
  1 1992 185  19654  22.2  33.0   2.92   1.4   0.0
  1 1992 186  20626  23.5  34.1   3.16   1.2   0.0
  1 1992 187  21742  23.1  33.5   3.14   1.2   9.6
  1 1992 188  21418  22.4  32.9   3.12   1.2   0.0
  1 1992 189  22102  22.2  33.2   2.92   0.9   0.0
  1 1992 190  22786  23.7  34.6   3.04   1.2   0.0
  1 1992 191  23110  24.0  33.3   3.06   2.1   0.0
  1 1992 192   8387  25.7  30.2   3.02   1.1  13.4
  1 1992 193   5256  25.0  29.0   2.92   2.4   4.8
  1 1992 194  17279  24.6  33.0   3.05   1.6  42.1
  1 1992 195  14579  22.8  31.4   2.77   1.1   4.2
  1 1992 196  13031  23.8  30.1   3.02   1.0  28.6
  1 1992 197  13211  23.1  30.3   2.98   0.8   5.0
  1 1992 198  18647  22.9  31.8   3.12   1.8   0.0
  1 1992 199  18251  23.8  32.0   3.03   1.0   0.0
  1 1992 200  10619  23.5  31.2   2.98   1.0   3.4
  1 1992 201   4320  23.6  27.0   2.95   1.1  51.6
  1 1992 202   4032  24.5  26.6   2.90   1.9  30.8
  1 1992 203  15047  23.3  30.8   2.82   1.3   0.2
  1 1992 204  18611  23.7  31.2   2.96   1.6   0.0
  1 1992 205  16343  22.9  32.0   2.93   0.8   3.1
  1 1992 206  14651  24.3  30.7   2.83   1.2   1.6
  1 1992 207  14399  23.7  31.1   2.74   1.2  43.2
  1 1992 208  10943  24.5  31.0   2.92   0.9   1.1
  1 1992 209  17783  23.7  31.7   2.99   1.1  33.1
  1 1992 210  15443  23.2  31.1   3.01   1.2  37.5
  1 1992 211  17819  23.8  31.0   3.08   1.3  62.8
  1 1992 212  19870  23.8  32.0   2.98   1.0  16.9
  1 1992 213  15443  23.5  30.6   3.02   0.8   0.7
  1 1992 214  16991  24.0  32.2   2.97   1.0   2.0
  1 1992 215  19222  23.6  32.1   3.16   0.9   0.5
  1 1992 216  20986  24.0  33.5   3.16   1.1   0.4
  1 1992 217  15443  24.4  32.0   2.99   0.8   5.8
  1 1992 218  24982  23.0  32.6   2.94   1.2   0.0
  1 1992 219  24334  24.0  33.0   3.01   1.2   0.0
  1 1992 220  21778  24.0  32.5   3.04   1.0   0.0
  1 1992 221  18754  24.0  33.0   3.07   1.1   5.6
  1 1992 222   8963  23.7  29.5   3.07   1.3   4.7
  1 1992 223  16631  23.6  30.7   2.81   1.0   1.8
  1 1992 224  24118  22.7  31.0   2.64   1.1   0.0
  1 1992 225  27142  24.0  32.1   2.97   1.3   0.0
  1 1992 226  17207  23.5  31.1   3.14   0.9   0.2
  1 1992 227  18107  23.6  31.6   2.88   2.0   3.8
  1 1992 228  16415  24.7  31.1   2.99   2.2  16.9
  1 1992 229  11987  24.4  30.0   2.71   2.2  18.6
  1 1992 230   7883  25.1  29.5   2.91   2.6  64.0
  1 1992 231   7163  23.7  28.3   2.91   3.1  30.6
  1 1992 232   3816  24.4  28.4   2.95   1.9  18.4
  1 1992 233   2268  25.6  28.6   3.11   1.9  39.9
  1 1992 234  10871  24.0  31.5   2.94   1.4   3.4
  1 1992 235  15011  24.5  30.8   3.00   1.1   0.0
  1 1992 236  19078  23.6  32.9   3.02   1.1   0.0
  1 1992 237  24370  23.6  32.9   3.06   1.2   0.0
  1 1992 238  12275  24.4  32.5   2.99   1.1   2.5
  1 1992 239   5148  24.8  30.0   3.06   1.8  39.0
  1 1992 240   2412  23.7  28.1   3.05   2.9  19.6
  1 1992 241  13607  23.8  30.5   2.95   6.6   3.7
  1 1992 242  11519  26.8  30.2   2.85   6.8  13.0
  1 1992 243  12995  26.5  30.2   3.07   6.0   6.0
  1 1992 244  12743  26.0  31.5   3.00   2.9   2.0
  1 1992 245  16595  26.6  33.0   3.41   1.9   2.1
  1 1992 246  13499  26.3  32.2   3.15   1.4   2.3
  1 1992 247  13103  26.4  31.0   2.98   2.4   0.8
  1 1992 248  10511  27.0  30.0   2.99   2.3   0.0
  1 1992 249  16199  27.0  32.0   3.02   1.8   3.2
  1 1992 250  17207  23.6  32.5   2.92   1.0   0.0
  1 1992 251  17963  23.5  31.4   3.16   0.8   1.3
  1 1992 252  14939  23.7  30.5   3.20   0.8   2.8
  1 1992 253  15227  23.8  31.0   3.18   0.9   9.5
  1 1992 254  17423  23.2  31.0   3.06   1.0  30.0
  1 1992 255  16559  23.6  31.5   3.05   0.9   3.0
  1 1992 256  23254  23.2  31.9   3.05   1.4   0.0
  1 1992 257  25306  23.0  31.7   3.03   1.0   0.0
  1 1992 258  19906  23.5  32.5   3.13   1.2  10.6
  1 1992 259  11339  24.3  30.2   3.11   0.9  57.1
  1 1992 260  18647  23.3  32.0   2.93   1.0   0.3
  1 1992 261  15623  23.5  31.8   3.03   0.8  33.8
  1 1992 262  16811  23.5  30.6   3.02   1.2   2.9
  1 1992 263  20086  23.0  31.5   2.91   0.9   1.0
  1 1992 264   8387  24.1  29.6   3.08   3.9  25.4
  1 1992 265   4788  24.5  28.2   2.82   3.3  29.3
  1 1992 266  14687  24.4  31.5   2.78   1.1   0.0
  1 1992 267  21742  23.7  31.6   2.98   0.8   0.0
  1 1992 268  25306  23.6  33.1   3.12   1.0   0.0
  1 1992 269  23542  24.0  32.5   2.97   1.3   0.3
  1 1992 270  24838  24.4  31.2   2.95   1.7   0.0
  1 1992 271  13715  24.5  30.5   3.04   0.9   6.7
  1 1992 272  21994  24.7  32.7   3.12   0.9   0.0
  1 1992 273  16595  24.5  32.5   3.08   0.8   0.0
  1 1992 274  17423  23.6  31.5   2.86   1.3   3.6
  1 1992 275  21238  24.6  31.7   3.16   1.2   1.0
  1 1992 276  20446  24.5  31.5   3.13   1.5   0.0
  1 1992 277  21526  24.3  31.7   2.96   1.5   2.3
  1 1992 278  18754  24.0  31.5   3.06   0.9   0.0
  1 1992 279  17999  24.0  30.6   2.98   1.2   0.3
  1 1992 280  15407  24.0  30.1   2.92   1.4  12.1
  1 1992 281  17387  24.5  31.1   2.97   1.5   0.2
  1 1992 282  23362  24.6  31.0   2.87   1.9   0.4
  1 1992 283  11375  24.7  30.0   2.95   1.0   0.2
  1 1992 284  16991  23.5  30.5   2.92   0.9   0.0
  1 1992 285  20158  24.3  32.8   3.08   0.9   0.0
  1 1992 286  22138  23.6  33.4   2.89   1.1   0.0
  1 1992 287  20770  24.6  32.7   2.96   1.3   0.0
  1 1992 288  16703  24.5  32.1   3.04   1.3   3.3
  1 1992 289  17387  23.4  30.7   2.84   2.1   0.6
  1 1992 290  20158  24.6  32.1   2.91   1.9   0.3
  1 1992 291  16631  24.5  31.3   3.01   1.6   1.2
  1 1992 292  15875  24.5  31.0   2.84   1.4  19.7
  1 1992 293  15695  23.1  31.2   2.94   0.9  29.6
  1 1992 294  23290  23.0  31.5   2.79   1.4   0.0
  1 1992 295  16055  24.1  31.7   2.79   1.0   0.0
  1 1992 296  12383  24.5  30.1   2.80   1.1   0.0
  1 1992 297   9755  23.9  29.5   2.80   0.6   0.5
  1 1992 298  11231  24.6  29.5   2.98   1.1   0.0
  1 1992 299   2736  24.0  26.5   2.38   2.1  74.0
  1 1992 300   8351  22.0  28.7   2.91   2.3   4.0
  1 1992 301  11879  24.4  32.0   2.83   0.8  10.9
  1 1992 302  21634  23.5  32.0   2.97   1.3   0.0
  1 1992 303  22426  24.0  32.0   2.99   1.3   0.0
  1 1992 304  14723  23.3  31.0   2.90   1.1   2.4
  1 1992 305  16991  24.0  31.5   3.10   1.5   3.2
  1 1992 306  15803  24.0  31.0   2.81   1.9  65.1
  1 1992 307   4644  23.9  26.5   2.81   1.5  15.3
  1 1992 308  13175  23.4  29.0   2.81   1.5   0.4
  1 1992 309  15623  22.6  29.0   2.65   1.7   3.5
  1 1992 310  21922  21.8  29.7   2.64   1.7   0.0
  1 1992 311  22606  21.5  30.5   2.45   1.2   0.0
  1 1992 312  19114  20.4  29.5   2.45   1.5   0.0
  1 1992 313  17243  21.2  28.7   2.61   1.6   0.0
  1 1992 314   7019  22.7  27.5   2.68   2.1   3.1
  1 1992 315   7883  23.7  27.7   2.52   2.1  50.2
  1 1992 316   3852  23.5  26.1   2.82   1.3 153.7
  1 1992 317   6192  23.4  25.6   2.83   1.5  34.8
  1 1992 318   7703  23.1  28.6   2.66   1.4   1.6
  1 1992 319  13895  23.3  29.8   2.78   1.9   9.5
  1 1992 320  14399  22.9  28.6   2.73   1.6   8.9
  1 1992 321  14687  23.6  30.0   2.94   1.6  22.5
  1 1992 322  15875  23.6  30.0   3.00   1.2   0.0
  1 1992 323  14111  23.5  29.7   2.65   1.3   1.2
  1 1992 324  20806  23.4  30.8   2.79   1.0   0.0
  1 1992 325  15047  23.3  31.5   2.86   1.1   1.5
  1 1992 326  10727  24.0  28.0   2.79   1.9   0.0
  1 1992 327  12095  23.8  28.5   2.68   1.8   0.0
  1 1992 328  18467  22.1  29.5   2.45   2.2   0.0
  1 1992 329  17207  21.4  29.0   2.44   1.8   0.0
  1 1992 330  17783  22.0  29.0   2.41   1.7   0.0
  1 1992 331  15731  20.1  28.2   2.31   1.9   0.0
  1 1992 332  20590  20.0  29.0   2.14   2.0   0.0
  1 1992 333  21346  19.0  30.1   2.37   0.8   0.0
  1 1992 334  20122  19.7  31.0   2.51   1.0   0.1
  1 1992 335   9251  23.1  28.0   2.73   0.9   5.4
  1 1992 336  12203  22.8  28.0   2.76   1.6   1.3
  1 1992 337  11483  22.6  28.5   2.81   1.9   4.3
  1 1992 338  14039  23.2  28.5   2.60   2.4   5.2
  1 1992 339  16559  23.2  29.2   2.68   2.5  12.0
  1 1992 340  17999  23.5  29.5   2.71   2.5   0.1
  1 1992 341  18719  22.6  29.9   2.83   2.1   0.5
  1 1992 342  11267  22.7  29.0   2.82   1.2   0.5
  1 1992 343  15947  23.0  30.0   2.85   1.7   0.2
  1 1992 344  14615  22.4  29.5   2.66   1.6   0.9
  1 1992 345  14399  22.0  28.7   2.65   1.5   0.0
  1 1992 346  13175  23.7  28.7   2.69   1.9   0.0
  1 1992 347  23074  21.5  30.8   2.58   1.8   0.0
  1 1992 348  23650  21.0  31.0   2.47   1.8   0.0
  1 1992 349  12815  22.0  29.0   2.62   1.1   0.0
  1 1992 350   9791  24.0  27.2   2.66   1.3   1.0
  1 1992 351  14255  21.5  28.7   2.56   1.3   0.1
  1 1992 352  11735  22.5  27.8   2.63   1.6   2.2
  1 1992 353  19690  21.2  29.5   2.52   2.5  24.2
  1 1992 354   6192  23.1  27.7   2.71   1.8  14.4
  1 1992 355  15119  22.5  28.5   2.44   2.3   0.0
  1 1992 356  11627  22.5  28.0   2.50   1.7  15.0
  1 1992 357  14255  22.4  29.5   2.71   1.6   3.4
  1 1992 358  20518  21.5  28.5   2.49   2.1   0.0
  1 1992 359   9215  21.5  27.0   2.14   2.1   0.9
  1 1992 360  19330  21.2  28.6   2.47   3.0   0.4
  1 1992 361  14759  22.0  29.0   2.53   2.2   6.0
  1 1992 362   9683  22.7  27.0   2.72   1.7   0.8
  1 1992 363   9323  23.5  28.2   2.80   1.2   0.0
  1 1992 364  17531  22.9  29.6   2.67   1.7   0.4
  1 1992 365  21994  20.7  30.0   2.57   2.2   0.0
  1 1992 366  23650  20.5  29.5   2.51   1.7   0.0

";}}s:20:"custom_result_object";a:0:{}s:11:"current_row";i:0;s:8:"num_rows";i:2;s:8:"row_data";N;}