 112.11   30.87     100    0.29    0.45
       1    1992      91     0.0      12.0     14.5        1.16     3.5      1.2
       1    1992      92     6.9      11.5     20.5        1.10     1.5      0.0
       1    1992      93     0.0      11.5     15.0        1.15     0.4      1.3
       1    1992      94     7.1       9.5     21.5        0.93     1.5      0.0
       1    1992      95     9.6       8.0     18.6        0.88     1.3      0.0
       1    1992      96     9.2      11.0     27.5        0.92     1.7      0.0
       1    1992      97     9.9      11.5     26.5        0.90     1.0      0.0
       1    1992      98     0.0      18.0     20.0        1.59     1.7      4.2
       1    1992      99     8.3      12.0     24.5        1.11     1.5      0.0
       1    1992     100     6.6      11.5     24.0        1.11     0.7     34.0
       1    1992     101     0.0      15.5     19.5        1.66     2.1      2.2
       1    1992     102     7.5      13.5     25.5        1.18     1.0      0.0
       1    1992     103     0.4      15.8     19.6        1.35     0.7      3.1
       1    1992     104     0.0      11.6     14.8        1.16     0.7      4.1
       1    1992     105     0.0      11.5     15.0        1.26     0.5     39.0
       1    1992     106     0.0      12.8     15.0        1.43     1.9     10.4
       1    1992     107     0.0      13.0     20.5        1.26     1.8      0.1
       1    1992     108     6.8      13.0     25.0        1.18     0.0      0.0
       1    1992     109     8.4      12.5     26.0        1.22     1.2      0.0
       1    1992     110     4.2      15.5     21.0        1.46     1.9      1.0
       1    1992     111     7.9      15.5     27.0        1.27     0.7      0.0
       1    1992     112    10.0      16.0     29.4        1.44     1.3      0.0
       1    1992     113     0.0      20.0     23.5        2.11     2.4     13.2
       1    1992     114     0.0      17.5     19.0        1.88     2.7     12.2
       1    1992     115     1.0      16.5     21.0        1.56     4.4      0.0
       1    1992     116     0.0      16.2     18.0        1.44     3.5      5.0
       1    1992     117     0.8      11.5     14.5        1.18     2.1      1.4
       1    1992     118     4.2      10.0     22.0        1.02     0.6      0.0
       1    1992     119     9.1      10.0     21.5        0.97     1.3      0.0
       1    1992     120     9.4      10.0     23.5        0.93     1.1      0.0
       1    1992     121     0.0       9.5     23.5        0.95     1.2      0.0
       1    1992     122     0.0      14.6     22.0        1.40     0.7      0.0
       1    1992     123     0.0      17.5     22.0        1.82     1.9      9.7
       1    1992     124    10.3      13.0     26.0        1.05     2.1      0.0
       1    1992     125    10.5      12.8     28.5        1.06     0.7      0.0
       1    1992     126     9.6      12.0     28.0        1.21     0.6      0.0
       1    1992     127     8.5      16.0     27.0        1.40     1.3      0.0
       1    1992     128     2.9      18.5     27.5        1.58     0.2      0.0
       1    1992     129     7.6      17.0     29.0        1.42     0.7      2.9
       1    1992     130    11.3      16.0     27.0        1.23     1.8      0.0
       1    1992     131    10.6      15.0     28.0        1.19     1.0      0.0
       1    1992     132    10.7      14.5     29.0        1.12     2.9      0.0
       1    1992     133    10.0      16.5     30.5        1.24     1.5      0.0
       1    1992     134     0.0      16.5     26.0        1.52     2.6     37.2
       1    1992     135     0.0      16.3     26.0        1.78     2.4     11.2
       1    1992     136     0.0      16.3     26.0        1.74     1.5      4.0
       1    1992     137     0.0      16.0     26.0        1.69     1.2     22.1
       1    1992     138     3.0      16.0     27.0        1.29     2.9      0.0
       1    1992     139    11.1      13.5     27.0        0.99     1.5      0.0
       1    1992     140     8.3      13.0     27.5        1.12     0.8      0.0
       1    1992     141     0.0      13.0     27.0        1.50     0.7     57.4
       1    1992     142     0.0      13.0     27.9        1.45     0.5      8.5
       1    1992     143     0.0      19.5     24.0        2.11     1.1      2.3
       1    1992     144     1.0      16.5     24.5        1.58     1.0      0.0
       1    1992     145     3.6      16.5     27.0        1.47     2.2      0.0
       1    1992     146    10.6      16.5     28.5        1.22     1.9      0.0
       1    1992     147    11.7      16.0     31.5        1.11     0.9      0.0
       1    1992     148    11.5      16.0     31.5        1.33     1.0      0.0
       1    1992     149     7.3      16.0     31.5        1.18     0.2      0.0
       1    1992     150     0.0      15.5     31.5        1.46     1.0      6.2
       1    1992     151     0.0      15.0     31.5        1.55     0.5      0.2
       1    1992     152     5.0      20.5     27.5        2.03     0.8      0.2
       1    1992     153    10.2      20.0     30.0        1.89     0.7      0.0
       1    1992     154     3.2      24.5     30.5        2.38     1.9      1.0
       1    1992     155     0.8      22.5     25.5        2.27     3.2      3.1
       1    1992     156     3.9      21.5     28.0        1.94     2.5      0.0
       1    1992     157     6.5      23.0     30.0        1.94     3.4      0.0
       1    1992     158     6.6      23.0     28.0        1.88     4.1      0.0
       1    1992     159     6.4      22.0     30.0        2.04     3.5      0.0
       1    1992     160     0.0      23.0     30.0        2.27     2.1      1.1
       1    1992     161     1.7      20.5     24.5        1.83     0.7      0.0
       1    1992     162     3.7      20.0     26.0        1.87     1.2      0.8
       1    1992     163     7.9      19.5     29.2        1.93     0.6      0.0
       1    1992     164     0.8      23.0     28.0        2.45     1.2      0.0
       1    1992     165     7.5      24.0     35.0        2.51     2.1      0.0
       1    1992     166     8.4      26.4     35.5        2.62     2.1      0.6
       1    1992     167     0.0      20.0     25.5        1.73     1.9      0.0
       1    1992     168     4.1      21.0     24.0        2.14     0.8      3.9
       1    1992     169     9.6      16.0     28.5        1.53     1.1      0.0
       1    1992     170    10.1      20.0     30.5        1.87     1.5      0.0
       1    1992     171    10.2      22.0     32.0        2.12     1.3      0.0
       1    1992     172    10.1      23.5     31.0        2.49     0.7      0.6
       1    1992     173     0.0      24.5     25.0        2.93     0.9     13.2
       1    1992     174     0.0      20.5     26.0        2.10     1.5      0.3
       1    1992     175     5.7      21.7     29.1        2.03     0.6      0.5
       1    1992     176     0.0      21.5     28.0        2.05     0.9     23.2
       1    1992     177     0.0      19.5     21.5        2.13     0.4     64.6
       1    1992     178     0.0      19.5     23.0        2.18     0.7     15.8
       1    1992     179     0.0      21.5     24.5        2.39     1.0     23.4
       1    1992     180     0.0      21.5     26.0        2.36     1.3      0.7
       1    1992     181     0.0      21.0     24.0        2.22     1.3      0.0
       1    1992     182     1.0      21.0     30.0        1.94     1.7      0.0
       1    1992     183     9.7      20.5     30.5        1.86     1.7      0.0
       1    1992     184     0.0      24.0     29.0        2.45     1.3      0.0
       1    1992     185     8.7      23.5     31.0        2.46     2.0      0.0
       1    1992     186     5.7      26.5     32.0        3.05     2.6      0.0
       1    1992     187     0.0      23.5     26.5        2.49     2.7      9.6
       1    1992     188     0.0      21.5     25.5        2.23     2.5     10.2
       1    1992     189     0.0      20.5     25.5        2.20     0.6     17.0
       1    1992     190     4.9      22.4     29.0        2.35     1.8      0.0
       1    1992     191    10.0      23.5     30.5        2.35     1.5      0.0
       1    1992     192     7.7      23.5     31.0        2.35     1.1      0.0
       1    1992     193     7.3      23.0     30.5        2.42     1.2      0.8
       1    1992     194     2.7      24.0     29.0        2.57     1.0      0.0
       1    1992     195     0.0      23.6     29.5        2.33     1.1      2.6
       1    1992     196     0.0      23.0     25.5        2.50     0.6     27.9
       1    1992     197     0.0      20.0     25.0        2.22     0.6      9.8
       1    1992     198    10.0      22.3     30.0        2.40     0.7      0.0
       1    1992     199     5.4      21.0     29.5        2.19     0.6      0.0
       1    1992     200     0.0      23.7     30.0        2.58     0.2      0.0
       1    1992     201     9.3      25.0     32.5        2.79     0.4      0.0
       1    1992     202     9.1      24.5     32.6        2.62     0.4      0.0
       1    1992     203     5.1      24.0     32.0        2.45     0.7      0.0
       1    1992     204     0.0      26.0     28.5        3.03     0.4      6.9
       1    1992     205     9.2      25.5     34.5        2.84     0.4      0.4
       1    1992     206     9.1      26.5     35.5        2.84     0.6      8.5
       1    1992     207     9.5      23.0     32.5        2.28     0.7      0.0
       1    1992     208    10.9      25.5     33.0        2.61     0.6      0.0
       1    1992     209    10.2      25.5     31.5        2.65     1.3      0.0
       1    1992     210    10.4      25.0     34.0        2.47     1.0      0.0
       1    1992     211    10.7      26.0     34.2        2.76     0.6      0.0
       1    1992     212     7.9      26.0     35.5        2.91     0.3      0.0
       1    1992     213     6.2      25.5     34.5        2.84     1.9      1.2
       1    1992     214     6.5      27.0     32.5        2.88     1.5      0.0
       1    1992     215    11.3      22.7     31.2        2.12     0.7      0.0
       1    1992     216    11.1      22.5     31.2        2.18     0.6      0.0
       1    1992     217    11.5      22.0     32.5        2.28     0.1      0.0
       1    1992     218    10.7      23.5     33.6        2.41     0.3      0.0
       1    1992     219    10.7      28.6     35.0        3.14     0.0      0.0
       1    1992     220     6.7      26.8     35.0        2.93     1.0      0.0
       1    1992     221     0.0      27.3     29.0        3.16     0.7      0.0
       1    1992     222     9.7      25.6     32.0        2.56     1.4      0.0
       1    1992     223     8.6      24.5     31.0        2.09     1.8      0.0
       1    1992     224    10.0      24.7     31.0        1.99     2.5      0.0
       1    1992     225    11.3      22.0     31.6        1.88     0.9      0.0
       1    1992     226    10.3      22.6     33.0        2.09     0.7      0.0
       1    1992     227     7.5      24.0     33.5        2.21     0.7     19.8
       1    1992     228     9.8      24.5     33.0        2.49     0.4      0.0
       1    1992     229     8.5      25.5     33.2        2.75     0.2      0.0
       1    1992     230     4.7      26.4     33.2        3.00     0.6     15.8
       1    1992     231     8.1      22.0     31.6        2.30     0.5      1.1
       1    1992     232     7.4      23.5     28.5        2.73     1.5      0.0
       1    1992     233     0.0      22.6     26.0        2.69     0.7      0.0
       1    1992     234     5.7      21.5     27.4        2.13     1.0      0.0
       1    1992     235     0.0      20.5     28.0        2.00     1.4      0.8
       1    1992     236     0.0      21.5     24.0        2.31     1.7      2.8
       1    1992     237     0.0      21.5     26.5        2.26     1.0      1.2
       1    1992     238     5.7      21.3     26.5        2.28     1.3      0.0
       1    1992     239     6.5      20.0     29.5        1.83     0.5      0.0
       1    1992     240     0.0      21.5     27.5        2.23     0.5      9.2
       1    1992     241     5.2      22.0     29.0        2.38     0.5      0.5
       1    1992     242     8.4      20.5     31.5        2.00     0.7      0.0
       1    1992     243    10.0      22.0     31.6        2.22     0.5      0.0
       1    1992     244    10.0      21.5     32.5        1.98     0.7      0.0
       1    1992     245    10.3      22.5     31.7        2.13     1.3      0.0
       1    1992     246     0.0      23.5     24.5        2.64     1.3      2.9
       1    1992     247     5.3      22.5     29.5        2.35     1.0      0.0
       1    1992     248     9.4      23.0     31.0        2.33     0.4      0.0
       1    1992     249     5.7      23.3     33.5        2.41     0.4      0.0
       1    1992     250     5.0      25.0     34.5        2.67     0.4      0.3
       1    1992     251     9.0      26.5     36.0        2.82     0.6      0.0
       1    1992     252    10.5      26.0     36.5        2.63     0.7      0.0
       1    1992     253    11.3      25.5     37.5        2.48     0.6      0.0
       1    1992     254    10.5      26.5     33.5        2.64     1.0      0.0
       1    1992     255    10.1      22.5     29.0        2.21     0.7      0.0
       1    1992     256     9.1      24.5     35.3        2.28     0.0      0.0
       1    1992     257     0.0      22.6     26.0        2.22     0.8      0.0
       1    1992     258     0.0      20.5     22.0        1.86     1.4      0.0
       1    1992     259     0.0      21.0     24.0        1.79     1.5      0.0
       1    1992     260     0.0      21.0     24.5        1.79     1.7      1.0
       1    1992     261     0.0      20.0     22.0        2.06     1.0      7.0
       1    1992     262     0.0      18.5     22.0        1.81     1.2      0.0
       1    1992     263     2.0      19.6     24.5        1.87     1.3      0.0
       1    1992     264     5.3      15.3     25.3        1.15     1.4      0.0
       1    1992     265     9.3      13.5     29.0        1.02     0.6      0.0
       1    1992     266    10.4      16.0     29.0        1.29     0.1      0.0
       1    1992     267    10.0      15.0     30.2        1.33     0.4      0.0
       1    1992     268     9.7      16.0     31.0        1.56     0.2      0.0
       1    1992     269     9.9      16.0     30.5        1.18     0.6      0.0
       1    1992     270     9.3      17.0     32.5        1.30     0.7      0.0
       1    1992     271     9.3      21.5     35.0        1.85     0.2      0.0
       1    1992     272     0.0      20.0     25.0        2.04     0.4     38.2
       1    1992     273     0.0      21.5     26.8        2.36     0.4      0.5
