 112.11   30.87     100    0.29    0.45
       1    1991       1     0.0     4.2     6.2    0.81     0.2     0.4
       1    1991       2     0.0     4.7     8.0    0.83     0.4     0.2
       1    1991       3     5.6     3.8    14.3    0.76     0.6     0.0
       1    1991       4     0.0     3.8    14.0    0.74     1.8     0.0
       1    1991       5     0.0     4.0    12.0    0.75     2.4    14.2
       1    1991       6     0.0     1.5     8.5    0.64     2.0     0.5
       1    1991       7     0.0     1.2     5.8    0.63     0.9     9.1
       1    1991       8     0.0     1.0     1.8    0.64     3.1     0.0
       1    1991       9     5.8    -0.8     7.5    0.51     1.2     5.5
       1    1991      10     5.3    -0.2     8.8    0.56     0.0     0.0
       1    1991      11     4.3    -1.5    10.5    0.43     0.7     0.0
       1    1991      12     0.0     1.8     5.0    0.58     2.8     0.0
       1    1991      13     6.2    -0.3     9.3    0.47     1.8     0.0
       1    1991      14     0.0     0.0     5.0    0.49     1.7     0.0
       1    1991      15     6.0    -1.3     7.0    0.44     0.9     0.0
       1    1991      16     8.9    -1.5     9.0    0.45     1.0     0.0
       1    1991      17     3.2     1.4     7.5    0.59     0.3     0.0
       1    1991      18     4.0     0.6    12.3    0.53     0.6     1.0
       1    1991      19     0.0     5.4     5.2    0.81     1.7     0.5
       1    1991      20     4.0     1.7    11.0    0.62     1.3     0.1
       1    1991      21     0.0     5.0     5.7    0.85     1.5     2.9
       1    1991      22     0.0     1.6     4.1    0.64     3.2     0.0
       1    1991      23     0.0    -0.2     3.0    0.59     4.1     0.0
       1    1991      24     0.0    -0.1     1.2    0.56     3.9     3.5
       1    1991      25     0.0    -0.2     0.2    0.57     3.8     0.5
       1    1991      26     4.0    -0.4     2.5    0.54     1.7     0.0
       1    1991      27     3.5    -0.2     6.8    0.51     1.0     0.0
       1    1991      28     7.0    -0.7     8.9    0.49     0.7     0.0
       1    1991      29     7.0    -0.6    10.6    0.51     0.6     0.0
       1    1991      30     7.0     0.7    12.6    0.54     0.4     0.0
       1    1991      31     0.0     4.0    11.5    0.63     1.3     0.0
       1    1991      32     3.0     2.3    10.0    0.54     1.2     0.0
       1    1991      33     6.0     1.3    10.7    0.57     1.8     0.0
       1    1991      34     0.0     4.2     7.8    0.69     0.2     0.0
       1    1991      35     9.2     2.5    11.1    0.64     1.5     0.0
       1    1991      36     0.0     3.0     4.5    0.70     2.5     0.0
       1    1991      37     0.0     1.1     1.7    0.60     4.4     0.0
       1    1991      38     4.0     0.0     6.6    0.53     2.7     0.0
       1    1991      39     3.0    -0.3     7.5    0.48     0.8     0.0
       1    1991      40     9.0     0.8    12.5    0.60     0.9     0.0
       1    1991      41     9.0    -0.2    14.5    0.55     0.6     0.4
       1    1991      42     0.0     3.7     4.4    0.74     3.4     4.1
       1    1991      43     0.0    -0.5     0.5    0.57     4.5     0.0
       1    1991      44     4.0     0.5    10.0    0.54     2.0     0.0
       1    1991      45     0.0     2.5    13.0    0.65     0.9     1.4
       1    1991      46     8.0     0.0    15.5    0.57     1.5     0.0
       1    1991      47     9.0     3.0    14.5    0.69     1.8     0.0
       1    1991      48     8.0     6.5    14.5    0.88     0.6     0.0
       1    1991      49     9.0     2.5    17.2    0.69     0.7     0.0
       1    1991      50     0.0     9.5    16.0    1.08     0.6     3.3
       1    1991      51     0.0     9.5    14.8    1.13     0.7     5.4
       1    1991      52     0.0     5.5    17.0    0.88     0.6     1.1
       1    1991      53     0.0     9.0    16.5    1.13     0.4    14.3
       1    1991      54     0.0    10.0    14.5    1.20     2.1     1.0
       1    1991      55     0.0     1.5    14.0    0.61     2.0     0.0
       1    1991      56     6.8     0.5    13.0    0.58     1.6     0.0
       1    1991      57     0.0     3.5     5.0    0.75     1.1     1.7
       1    1991      58     0.0     3.3     7.5    0.74     0.5     0.0
       1    1991      59     9.0     4.3    15.8    0.79     0.4     0.0
       1    1991      60    10.0     2.8    21.5    0.69     1.2     0.0
       1    1991      61     0.0     8.0    16.3    1.01     1.4     0.0
       1    1991      62     3.0     8.3    15.0    0.95     2.9     0.0
       1    1991      63    10.0     3.5    17.8    0.70     0.9     0.0
       1    1991      64     0.0     9.7    13.6    1.02     0.8     1.0
       1    1991      65     0.0     7.3    14.0    0.97     1.6     0.0
       1    1991      66     0.0     7.9    11.5    0.87     1.8     0.0
       1    1991      67    10.8     2.3    12.5    0.57     1.3     0.0
       1    1991      68     0.0     1.6    11.2    0.58     1.8     0.0
       1    1991      69     2.2     2.5    15.8    0.67     0.7     0.0
       1    1991      70     4.7     4.8    20.0    0.78     0.5     0.0
       1    1991      71     8.6     3.1    21.9    0.68     0.6     0.0
       1    1991      72     9.8     7.0    23.0    0.92     1.0     0.0
       1    1991      73    10.0     8.1    24.0    0.97     2.0     0.0
       1    1991      74    10.0    11.0    11.0    1.19     3.1    13.7
       1    1991      75     0.0     4.0     7.5    0.78     3.2     1.2
       1    1991      76     0.0     6.0    16.5    0.90     1.6     0.0
       1    1991      77     8.5     5.5    16.5    0.81     0.6     0.0
       1    1991      78     0.0     6.2    19.0    0.82     0.6     0.0
       1    1991      79     6.2     7.5    23.5    0.92     1.0     0.0
       1    1991      80     8.0     7.5    25.0    0.96     1.0     0.0
       1    1991      81    11.6    13.0    18.2    1.45     2.2     0.0
       1    1991      82     0.0    10.5    15.3    1.24     1.3     9.8
       1    1991      83     3.0     9.0    17.5    1.10     0.2     2.3
       1    1991      84     5.0    12.0    21.0    1.32     0.9     0.0
       1    1991      85     7.0    10.0    22.0    1.15     0.6     0.0
       1    1991      86     7.0    12.0    20.0    1.32     1.5     0.0
       1    1991      87     0.0     7.0    10.5    0.97     0.9     0.8
       1    1991      88     0.0     6.0    17.5    0.90     0.7     0.0
       1    1991      89     0.0     6.5    22.0    0.90     0.4     0.0
       1    1991      90     0.0    11.5    17.5    1.26     1.5     0.0
       1    1991      91     6.0     7.0    20.0    0.92     0.8     7.2
       1    1991      92     0.0    12.0    18.5    1.34     0.2     0.0
       1    1991      93     0.0    11.5    20.0    1.30     3.0     0.0
       1    1991      94     6.0     8.0    21.0    1.02     1.8     0.0
       1    1991      95     0.0     9.5    22.8    1.12     0.2     0.0
       1    1991      96     6.0    13.5    21.5    1.49     1.9     0.0
       1    1991      97     5.0    11.3    20.5    1.26     0.3     6.3
       1    1991      98     7.0    14.5    25.0    1.55     0.7     0.0
       1    1991      99     8.2    14.5    25.8    1.44     3.3    11.3
       1    1991     100     0.0     6.0     7.8    0.86     7.7     2.1
       1    1991     101     6.5     4.7    17.6    0.61     2.0     0.0
       1    1991     102     7.0     6.5    21.8    0.75     0.4     0.0
       1    1991     103    10.0     9.8    24.3    1.04     1.3     0.0
       1    1991     104     9.0    13.3    23.5    1.41     1.9     0.0
       1    1991     105    10.0    13.8    23.0    1.45     1.3     0.0
       1    1991     106    10.1    11.6    23.7    1.27     0.4     0.0
       1    1991     107     8.0    12.0    25.5    1.30     0.6     0.0
       1    1991     108    10.0    13.0    27.0    1.42     0.8     0.0
       1    1991     109     6.3    17.5    28.0    1.86     1.8    60.5
       1    1991     110     0.0     9.0    18.5    1.09     6.5    24.0
       1    1991     111     0.0     7.5    13.6    0.85     4.5     3.6
       1    1991     112     0.2     9.0    17.0    1.01     0.7     9.6
       1    1991     113     0.0    11.5    15.0    1.29     0.4     0.6
       1    1991     114     6.5    11.2    18.5    1.16     2.1     0.0
       1    1991     115    10.0     9.5    20.4    1.08     1.3     0.0
       1    1991     116     9.0    10.6    22.2    1.20     0.8     3.0
       1    1991     117     0.0    16.0    17.6    1.80     1.3     8.5
       1    1991     118     0.0    16.0    20.4    1.77     0.7     2.5
       1    1991     119     8.5    16.0    23.4    1.75     0.8     0.0
       1    1991     120     3.0    15.5    22.1    1.67     0.6     0.0
       1    1991     121    11.0    15.6    26.4    1.63     0.6     0.0
       1    1991     122    11.5    13.2    27.5    1.38     0.9     0.0
       1    1991     123    11.3    15.5    28.8    1.59     0.9     0.0
       1    1991     124     0.0    18.6    23.1    2.04     1.5    26.2
       1    1991     125     3.0    15.9    23.4    1.66     1.5     0.0
       1    1991     126     6.0    17.4    26.2    1.85     0.4     0.0
       1    1991     127     0.0    19.1    23.6    2.06     1.6     0.0
       1    1991     128    10.7    16.5    26.5    1.69     0.7     0.0
       1    1991     129     4.0    18.5    24.5    1.90     0.8     0.0
       1    1991     130     9.8    14.0    27.1    1.41     1.0     0.0
       1    1991     131     9.7    17.0    29.5    1.75     0.6     0.0
       1    1991     132    10.8    16.5    31.0    1.71     0.4     0.0
       1    1991     133    10.5    17.0    31.3    1.76     0.6     0.0
       1    1991     134     5.0    17.0    31.5    1.84     0.6     0.0
       1    1991     135     5.0    15.0    27.0    1.59     1.2     0.0
       1    1991     136    10.0    17.0    30.0    1.61     0.7     0.0
       1    1991     137     0.0    17.0    24.0    1.63     0.7     0.0
       1    1991     138     5.0    16.3    30.5    1.60     0.6     0.0
       1    1991     139     8.0    17.5    33.0    1.66     0.4     0.0
       1    1991     140     9.0    19.5    32.3    2.16     0.4     0.0
       1    1991     141    11.0    19.0    34.7    1.91     0.4     0.0
       1    1991     142    11.0    21.5    34.8    2.36     0.3     0.0
       1    1991     143    11.0    21.5    34.0    2.44     0.4     0.0
       1    1991     144     4.0    23.0    34.0    2.64     1.7     0.0
       1    1991     145     2.0    21.5    28.5    2.44     2.2     8.7
       1    1991     146     0.0    17.0    25.5    1.88     1.1     3.1
       1    1991     147     0.0    17.5    22.0    1.92     0.2     2.0
       1    1991     148     0.0    16.8    22.5    1.86     1.1     4.0
       1    1991     149     0.0    16.0    21.0    1.71     1.1     5.8
       1    1991     150    10.5    15.3    38.3    1.51     1.7     0.0
       1    1991     151    10.0    19.8    28.8    2.15     2.0     0.0
       1    1991     152     4.0    22.3    28.5    2.51     1.3     0.0
       1    1991     153     0.0    19.0    22.8    2.16     1.7     3.3
       1    1991     154     0.0    19.3    20.8    2.20     0.4     5.2
       1    1991     155    10.8    18.9    28.5    2.03     0.6     0.0
       1    1991     156    11.0    19.4    31.0    2.07     0.6     0.0
       1    1991     157    10.6    21.3    31.2    2.41     0.9     0.0
       1    1991     158    11.3    23.0    32.5    2.73     0.6     0.0
       1    1991     159     0.0    24.6    29.2    3.04     0.2    37.4
       1    1991     160     0.0    21.3    23.0    2.49     0.5     4.7
       1    1991     161     0.0    22.0    28.3    2.54     1.6     0.0
       1    1991     162    10.0    23.1    29.6    2.63     0.8     0.0
       1    1991     163     0.0    23.3    24.5    2.69     0.4     2.5
       1    1991     164    10.5    20.0    29.5    2.27     0.7     0.0
       1    1991     165     8.0    21.3    30.0    2.49     0.4     0.0
       1    1991     166    10.5    23.0    31.6    2.64     3.1     0.0
       1    1991     167     0.0    22.4    27.3    2.58     2.8     1.2
       1    1991     168     0.0    22.5    26.0    2.65     2.8     0.7
       1    1991     169     2.9    23.0    28.5    2.73     1.3     0.0
       1    1991     170     8.0    22.5    30.4    2.62     0.2     0.0
       1    1991     171     2.8    24.5    30.0    3.02     0.4     0.0
       1    1991     172     0.0    24.0    30.0    2.93     0.8     0.0
       1    1991     173     2.5    22.0    25.7    2.57     1.3     0.0
       1    1991     174     4.4    19.6    29.0    2.10     0.8     0.0
       1    1991     175    10.8    22.0    31.5    2.22     1.2     0.0
       1    1991     176    11.0    24.0    32.0    2.45     0.7     0.0
       1    1991     177    12.0    24.0    32.0    2.48     1.7     0.0
       1    1991     178    12.0    25.5    33.0    2.91     1.1     0.2
       1    1991     179    12.5    26.8    33.0    3.21     3.1    14.3
       1    1991     180    10.0    26.5    33.5    3.19     1.8     0.0
       1    1991     181     8.0    24.0    31.5    2.78     1.5     0.0
       1    1991     182     9.0    25.5    35.0    2.91     1.3     0.0
       1    1991     183    10.0    27.5    34.0    3.11     1.1     0.0
       1    1991     184     6.0    26.0    34.0    3.20     1.1     5.0
       1    1991     185     8.0    24.5    34.0    2.86     0.8     0.0
       1    1991     186    11.0    25.5    35.0    2.81     0.8     0.0
       1    1991     187     7.0    28.5    32.5    3.24     2.3     1.8
       1    1991     188     2.0    25.0    29.0    2.79     2.5     5.3
       1    1991     189     0.0    24.5    34.0    2.74     0.9     0.0
       1    1991     190    12.5    26.2    36.0    2.79     2.6     0.0
       1    1991     191    12.5    26.9    35.7    3.02     2.0     0.0
       1    1991     192     0.0    27.5    31.0    3.46     2.4     0.0
       1    1991     193     4.5    24.6    30.3    2.97     1.7     9.8
       1    1991     194     5.5    23.3    32.0    2.75     1.3     0.0
       1    1991     195     3.5    24.8    33.3    3.04     1.1    24.6
       1    1991     196     7.8    22.5    32.0    2.65     1.3     0.0
       1    1991     197    11.5    24.8    33.4    2.98     0.2     0.0
       1    1991     198    11.5    24.5    33.5    2.86     0.0     0.0
       1    1991     199    11.6    25.5    33.0    3.11     0.3     0.0
       1    1991     200    11.4    26.0    33.5    3.13     0.0     0.0
       1    1991     201    11.5    26.5    34.0    3.19     0.3     0.0
       1    1991     202     9.6    26.6    34.8    2.97     2.8     0.0
       1    1991     203     8.3    25.5    34.5    2.84     2.7     0.0
       1    1991     204    11.0    24.0    34.5    2.66     0.9    12.0
       1    1991     205    11.5    27.0    35.0    3.25     0.9     0.0
       1    1991     206     9.0    26.0    35.2    3.10     0.5    13.4
       1    1991     207    11.5    25.4    34.3    3.05     0.9     0.0
       1    1991     208    11.5    27.0    34.0    3.25     1.6     0.0
       1    1991     209    10.0    26.7    34.6    3.23     1.9     0.0
       1    1991     210     9.5    25.0    34.5    2.86     2.0     0.0
       1    1991     211     6.0    24.0    28.5    2.75     3.0    29.4
       1    1991     212     4.7    21.4    29.3    2.37     1.3     0.0
       1    1991     213     7.6    24.0    31.9    2.75     0.8     0.0
       1    1991     214     8.2    24.5    32.5    2.74     0.4     0.0
       1    1991     215     7.7    24.5    33.4    2.65     0.4     0.0
       1    1991     216    10.2    26.0    34.0    2.73     0.2     0.0
       1    1991     217     8.8    25.5    33.5    2.81     0.5     0.0
       1    1991     218     9.0    27.5    35.6    3.31     0.3     0.0
       1    1991     219     9.0    28.4    36.5    3.33     0.9     7.0
       1    1991     220     0.0    25.5    28.0    2.94     2.5     0.0
       1    1991     221     2.5    25.5    29.6    3.01     2.4    68.5
       1    1991     222     3.0    19.5    27.0    2.00     2.7     2.0
       1    1991     223     9.0    20.0    28.5    2.06     1.0     0.0
       1    1991     224     9.5    21.5    29.5    2.39     0.9     0.0
       1    1991     225     9.0    21.5    31.0    2.31     0.0     0.0
       1    1991     226     8.5    22.5    30.0    2.51     0.8     0.0
       1    1991     227     9.0    22.0    31.0    2.46     0.4     0.0
       1    1991     228     9.0    23.5    31.5    2.55     0.4     0.0
       1    1991     229     8.5    19.5    32.5    2.00     0.4     0.0
       1    1991     230     8.3    19.0    33.8    2.02     0.0     0.0
       1    1991     231     8.0    25.0    33.5    2.89     0.2    19.5
       1    1991     232     5.8    24.0    29.0    2.78     1.8     0.5
       1    1991     233     5.0    22.8    28.3    2.61     0.9     4.1
       1    1991     234     4.5    22.8    31.0    2.64     0.4     0.0
       1    1991     235     6.6    24.8    30.5    2.92     0.8     0.0
       1    1991     236     3.5    23.8    31.8    2.72     2.1     0.0
       1    1991     237     6.6    23.5    33.2    2.44     2.9     1.3
       1    1991     238     2.5    23.2    31.0    2.33     3.7     0.0
       1    1991     239     7.3    24.1    31.0    2.53     2.6     0.0
       1    1991     240    10.2    22.0    30.0    1.96     3.0     0.0
       1    1991     241     4.2    21.6    27.3    2.14     3.4     0.0
       1    1991     242    10.7    21.6    28.0    2.20     3.3     0.0
       1    1991     243     0.0    21.6    25.9    2.35     3.9     0.0
       1    1991     244     5.9    21.0    30.0    2.17     2.2     0.0
       1    1991     245    10.8    22.2    30.8    2.22     1.9     0.0
       1    1991     246     9.8    21.0    31.0    2.12     1.0     0.0
       1    1991     247     8.0    22.8    31.0    2.50     0.4     0.0
       1    1991     248    10.0    20.6    33.8    2.11     0.6     0.0
       1    1991     249    11.2    22.5    34.3    2.35     1.1     0.0
       1    1991     250    11.0    21.5    31.9    2.18     1.1     0.0
       1    1991     251    10.0    23.6    32.5    2.39     1.0     0.0
       1    1991     252     5.5    21.0    30.5    2.09     2.2     0.0
       1    1991     253     6.0    22.0    28.5    2.36     1.8     0.0
       1    1991     254     0.0    19.5    29.9    1.97     1.1     0.0
       1    1991     255     1.5    18.5    30.5    1.85     0.4     0.0
       1    1991     256     3.0    18.5    31.0    1.79     0.4     0.0
       1    1991     257     7.7    23.5    32.0    2.58     0.2     0.0
       1    1991     258     0.0    22.5    33.2    2.46     0.1     0.0
       1    1991     259     9.8    21.5    34.8    2.23     0.4     0.0
       1    1991     260     8.5    22.5    39.2    2.24     1.5     0.0
       1    1991     261     5.0    23.0    27.7    2.11     2.6     0.0
       1    1991     262     0.0    21.5    26.0    2.18     2.2     0.0
       1    1991     263     6.0    18.5    22.5    1.71     2.8     0.0
       1    1991     264     0.0    17.4    19.2    1.75     3.6     0.0
       1    1991     265     0.0    16.5    23.0    1.77     1.3     0.0
       1    1991     266     9.0    17.5    30.0    1.82     0.7     0.0
       1    1991     267     6.0    19.5    26.5    2.06     1.7     0.0
       1    1991     268     8.0    19.5    27.5    1.97     2.3     0.0
       1    1991     269     9.0    16.8    28.0    1.63     1.6     0.0
       1    1991     270     7.5    20.0    27.0    1.78     2.4     0.0
       1    1991     271     6.0    19.0    27.5    1.80     2.1     0.0
       1    1991     272     8.0    19.5    27.6    2.00     2.3     0.0
       1    1991     273     9.0    18.6    28.8    1.65     2.9     0.0
       1    1991     274     5.0    15.0    29.7    1.35     0.7     0.0
       1    1991     275     4.0    19.3    28.0    2.02     1.5     6.9
       1    1991     276     3.0    15.8    27.5    1.62     1.3     0.0
       1    1991     277     4.5    14.2    26.7    1.49     1.1     0.0
       1    1991     278     3.0    14.6    25.4    1.55     0.7     0.2
       1    1991     279     0.0    18.4    20.7    2.05     0.9    20.4
       1    1991     280     0.0    13.9    15.9    1.51     2.9     2.5
       1    1991     281     0.0    15.2    20.8    1.59     1.5     0.0
       1    1991     282     7.8    10.0    27.0    1.14     0.6     0.0
       1    1991     283     8.6    14.0    27.5    1.47     0.9     0.0
       1    1991     284     7.5    15.7    27.0    1.57     0.6     1.0
       1    1991     285     0.0    18.0    24.5    1.98     0.4     9.6
       1    1991     286     0.0    16.3    18.5    1.76     1.1     6.4
       1    1991     287     0.0    15.5    16.0    1.69     1.8    16.8
       1    1991     288     3.2    14.1    21.5    1.47     1.6     0.0
       1    1991     289     0.0    17.0    19.0    1.78     1.3     1.4
       1    1991     290     0.0    16.6    22.5    1.72     1.2     0.0
       1    1991     291     8.9    14.3    24.3    1.47     0.0     0.0
       1    1991     292     0.0    15.3    20.3    1.58     0.2     7.4
       1    1991     293     0.0    14.3    15.0    1.58     1.6    13.1
       1    1991     294     2.0    13.5    19.8    1.47     0.6     0.6
       1    1991     295     0.0    13.5    22.0    1.49     0.2     1.8
       1    1991     296     0.0    16.0    24.0    1.75     0.6     0.0
       1    1991     297     6.0    14.5    24.2    1.55     0.7     0.0
       1    1991     298     0.0    14.5    23.7    1.60     0.9    67.0
       1    1991     299     0.0    13.0    14.0    1.47     2.9     4.8
       1    1991     300     8.0    13.0    22.0    1.41     2.0     0.0
       1    1991     301    10.0    12.5    23.0    1.41     0.9     0.0
       1    1991     302     9.0    11.5    21.0    1.25     0.4     0.0
       1    1991     303     9.2     9.5    21.5    1.08     0.5     2.1
       1    1991     304     0.0    14.5    21.3    1.50     0.6     0.0
