 112.11   30.87     100    0.29    0.45
       1    1993       1     7.0     1.5    14.1    0.55     0.6     0.0
       1    1993       2     7.0     0.5    13.4    0.55     0.6     0.0
       1    1993       3     8.0    -0.1    17.4    0.53     0.0     0.0
       1    1993       4     7.8     0.8    18.0    0.59     0.6     0.0
       1    1993       5     8.0     0.1    19.5    0.56     0.4     0.0
       1    1993       6     6.5     5.5    24.2    0.84     1.0     0.0
       1    1993       7     8.8     2.5    19.5    0.63     0.4     0.0
       1    1993       8     8.0     1.8    15.0    0.61     0.0     0.0
       1    1993       9     4.5     2.0    14.7    0.66     0.2     1.0
       1    1993      10     3.5     0.3    12.0    0.59     0.2     0.1
       1    1993      11   -99.0     1.8    14.5    0.66     0.3     0.7
       1    1993      12     5.6     8.0    14.0    1.03     0.0     0.0
       1    1993      13     2.0     8.2     9.0    1.04     2.1     0.0
       1    1993      14   -99.0     1.0     8.0    0.64     1.7     0.0
       1    1993      15   -99.0     6.0     8.0    0.87     4.3     0.0
       1    1993      16   -99.0     3.8     5.5    0.70     6.2     3.0
       1    1993      17   -99.0     0.6     1.5    0.60     2.9     5.5
       1    1993      18   -99.0     1.8     7.0    0.63     2.5     0.0
       1    1993      19   -99.0    -0.4     7.0    0.53     0.0     0.0
       1    1993      20     9.0    -0.2    12.4    0.52     0.4     0.0
       1    1993      21     9.0     0.2    11.2    0.55     0.0     0.0
       1    1993      22     9.0     0.0    13.5    0.56     0.2     0.0
       1    1993      23     3.0     3.0    10.0    0.64     0.1     0.0
       1    1993      24     0.5     2.0     9.0    0.64     0.0     0.0
       1    1993      25   -99.0     4.0     7.0    0.74     1.0     0.0
       1    1993      26     8.5    -3.0    11.0    0.43     1.8     0.0
       1    1993      27     8.6     0.7    11.0    0.57     0.2     0.0
       1    1993      28     8.0     1.5    12.0    0.63     0.7     0.0
       1    1993      29     9.0     0.0    11.5    0.57     0.0     0.0
       1    1993      30     8.8    -0.5    12.0    0.55     0.2     0.0
       1    1993      31     8.0     0.2    12.6    0.59     0.0     0.0
       1    1993      32     0.0    -0.5    14.1    0.52     0.7     0.0
       1    1993      33     8.0    -0.2    15.7    0.54     0.6     0.0
       1    1993      34     5.0     1.4    12.0    0.59     0.2     0.0
       1    1993      35   -99.0     0.5    14.0    0.55     0.3     0.0
       1    1993      36     8.0     0.0    16.4    0.58     0.0     0.0
       1    1993      37     8.0     1.1    16.0    0.58     0.2     0.0
       1    1993      38     6.0     6.6    16.8    0.84     1.1     0.0
       1    1993      39     5.0     9.7    15.0    0.98     2.7     0.0
       1    1993      40     2.0     7.1     9.5    0.84     2.1     0.0
       1    1993      41     8.0     1.4    16.6    0.59     0.0     0.0
       1    1993      42     7.0     2.2    16.6    0.62     0.8     0.0
       1    1993      43     8.0     3.5    19.2    0.71     0.4     0.0
       1    1993      44   -99.0     6.6    14.3    0.82     1.5     0.0
       1    1993      45   -99.0     6.5     9.5    0.81     2.7     0.0
       1    1993      46     4.0     7.4    13.8    0.95     1.0     2.1
       1    1993      47   -99.0     8.0    10.9    1.02     0.4     0.3
       1    1993      48   -99.0     3.5     9.6    0.76     1.2     0.0
       1    1993      49     3.0     6.6    13.8    0.95     1.1     7.6
       1    1993      50   -99.0     5.4     8.7    0.78     2.2     0.0
       1    1993      51   -99.0     5.2     6.8    0.79     0.4    31.8
       1    1993      52   -99.0     5.3    12.4    0.80     0.4     0.0
       1    1993      53   -99.0     7.5    11.7    0.88     1.0    15.7
       1    1993      54     6.0     7.9    13.4    0.99     2.1     0.0
       1    1993      55     2.0     3.0    12.3    0.71     0.0     2.7
       1    1993      56   -99.0     2.9    10.5    0.72     0.8     1.3
       1    1993      57   -99.0     8.4    10.0    1.06     0.2     7.2
       1    1993      58     6.0     5.4    11.0    0.83     1.7     4.7
       1    1993      59   -99.0     6.6    12.0    0.95     0.4     0.2
       1    1993      60   -99.0     9.0    12.0    1.07     1.0    12.8
       1    1993      61   -99.0     9.0    11.0    1.07     1.9    11.7
       1    1993      62   -99.0     1.5     2.3    0.64     4.3    11.0
       1    1993      63   -99.0     0.5    12.5    0.60     4.0    14.0
       1    1993      64     8.0     1.5    14.0    0.62     1.8     0.0
       1    1993      65   -99.0     2.5    18.0    0.66     1.5     0.0
       1    1993      66   -99.0     4.0    19.0    0.78     0.6     0.0
       1    1993      67    10.0     7.0    20.0    0.89     0.2     0.0
       1    1993      68    12.0     7.5    23.0    0.95     0.8     0.0
       1    1993      69   -99.0     9.0    23.0    0.18     8.8     2.2
       1    1993      70    12.0    11.1    22.0    1.22     0.8     0.0
       1    1993      71     2.2    11.5    21.0    1.30     0.2    14.4
       1    1993      72     1.5    12.0    18.5    1.36     1.2     0.0
       1    1993      73     4.0    13.0    21.5    1.42     0.7     0.0
       1    1993      74     6.0    12.5    22.0    1.22     0.6     0.0
       1    1993      75     4.0    11.0    20.0    1.10     1.3     0.9
       1    1993      76     8.0    10.0    20.5    1.12     0.7     0.0
       1    1993      77   -99.0     7.0    23.0    0.87     1.1     0.0
       1    1993      78     9.8     7.5    23.5    0.95     1.8     0.0
       1    1993      79     2.5    12.0    23.5    1.18     5.2     0.0
       1    1993      80   -99.0     9.0    12.8    0.98     2.7     6.8
       1    1993      81   -99.0     8.0    12.0    1.01     1.5     0.0
       1    1993      82     1.0     7.4    11.2    0.96     1.0     0.3
       1    1993      83     8.0     8.0    16.5    0.97     0.6     0.0
       1    1993      84     6.0     5.0    16.5    0.79     0.8     0.0
       1    1993      85     5.0     4.5    16.5    0.79     0.7     0.0
       1    1993      86     6.0     8.0    17.5    0.97     0.0     3.2
       1    1993      87     4.0     8.0    19.2    0.98     0.4     0.0
       1    1993      88     6.8    10.7    24.5    1.20     1.0     0.0
       1    1993      89     9.7    14.0    26.0    1.30     0.7     0.0
       1    1993      90    10.1    10.0    24.1    1.02     0.9     0.0
       1    1993      91    10.2    12.8    27.0    1.35     0.4     0.0
       1    1993      92    10.0    17.0    29.5    1.80     0.5     0.0
       1    1993      93     8.8    20.5    29.2    2.32     1.3    53.2
       1    1993      94   -99.0    15.0    19.7    1.62     1.9    39.4
       1    1993      95     6.0    14.0    20.5    1.49     1.5     0.0
       1    1993      96    10.0    13.0    25.0    1.38     0.6     0.0
       1    1993      97   -99.0    13.0    17.0    1.41     2.4     5.2
       1    1993      98   -99.0     7.0    15.0    0.90     2.1     3.0
       1    1993      99   -99.0     7.0    14.3    0.89     1.5     3.2
       1    1993     100     0.0     8.2    13.2    0.94     0.4     0.0
       1    1993     101    10.5     5.5    21.0    0.79     0.6     0.0
       1    1993     102    10.8     9.0    26.5    1.02     0.7     0.0
       1    1993     103    10.4    12.5    27.0    1.31     1.2     0.0
       1    1993     104    10.6    13.4    26.6    1.49     0.7     0.0
       1    1993     105     6.5    16.3    27.0    1.80     1.7    26.7
       1    1993     106   -99.0    12.0    20.5    1.38     1.8    15.0
       1    1993     107     4.0    11.0    13.0    1.26     2.4     8.2
       1    1993     108     9.0    10.5    18.5    1.21     1.0     6.8
       1    1993     109   -99.0    12.0    15.0    1.38     0.0     1.2
       1    1993     110     4.0    13.0    18.8    1.44     0.8     0.0
       1    1993     111     4.5    14.2    23.4    1.54     0.6     0.0
       1    1993     112     9.5    16.5    26.8    1.78     1.1     0.0
       1    1993     113   -99.0    15.0    16.0    1.64     3.5    25.9
       1    1993     114   -99.0    11.0    13.5    1.27     4.0     5.4
       1    1993     115   -99.0     7.5    11.0    1.00     2.1     7.1
       1    1993     116   -99.0     8.6    10.0    1.10     1.2     6.7
       1    1993     117   -99.0     8.0    11.0    1.04     1.1     8.2
       1    1993     118   -99.0     9.5    13.0    1.16     0.0     5.5
       1    1993     119   -99.0     9.5    17.0    1.14     0.0     0.8
       1    1993     120   -99.0    12.0    17.0    1.32     0.0     6.4
       1    1993     121   -99.0    12.0    16.0    1.36     1.7     0.9
       1    1993     122     1.0    14.0    20.9    1.50     1.4     0.0
       1    1993     123   -99.0    14.9    20.9    1.58     1.3     2.8
       1    1993     124   -99.0    15.8    17.5    1.69     0.6     5.8
       1    1993     125   -99.0    16.3    17.0    1.78     1.3    59.9
       1    1993     126   -99.0    13.4    18.5    1.42     3.9     1.7
       1    1993     127   -99.0    11.5    18.3    1.24     2.1     0.0
       1    1993     128   -99.0    13.6    19.3    1.40     0.4     1.1
       1    1993     129   -99.0    15.5    20.6    1.66     1.5     0.0
       1    1993     130    11.2    13.7    27.0    1.43     1.5     0.0
       1    1993     131    11.1    14.2    28.5    1.47     0.6     0.0
       1    1993     132   -99.0    18.0    25.5    1.92     0.1    39.7
       1    1993     133   -99.0    16.0    18.0    1.78     1.1    12.7
       1    1993     134   -99.0    17.5    22.0    1.86     0.2     1.5
       1    1993     135     7.0    15.5    23.4    1.69     0.2     0.0
       1    1993     136   -99.0    16.0    20.0    1.78     0.0    28.6
       1    1993     137    10.1    15.0    25.5    1.50     0.0     0.0
       1    1993     138   -99.0    17.0    23.5    1.75     1.7     8.6
       1    1993     139   -99.0    15.5    22.5    1.66     0.6     4.8
       1    1993     140   -99.0    17.5    19.0    1.92     0.6     4.7
       1    1993     141   -99.0    15.6    17.4    1.65     1.5     3.9
       1    1993     142     2.5    16.3    22.0    1.67     2.2     0.0
       1    1993     143     9.7    16.0    27.7    1.58     0.6     0.0
       1    1993     144    11.7    20.0    29.5    2.06     0.4     0.0
       1    1993     145    12.0    20.0    31.0    1.92     0.7     0.0
       1    1993     146    12.2    19.0    31.5    1.89     0.0     0.0
       1    1993     147    10.7    20.3    31.5    2.05     0.7     0.0
       1    1993     148   -99.0    22.5    25.0    2.51     0.4    14.0
       1    1993     149   -99.0    18.5    21.0    2.07     0.4     5.7
       1    1993     150    10.0    17.8    28.0    1.92     0.2     0.0
       1    1993     151    10.0    19.5    29.5    2.06     1.3     0.0
       1    1993     152     8.0    21.0    30.6    2.22     1.7     0.0
       1    1993     153    12.2    23.8    32.0    2.63     0.6     0.0
       1    1993     154    11.8    22.3    32.3    2.29     0.8     0.0
       1    1993     155    12.5    23.5    33.5    2.46     0.4     0.0
       1    1993     156    10.2    23.5    33.0    2.55     0.6     0.0
       1    1993     157    10.9    26.0    34.0    2.90     1.8    11.4
       1    1993     158     7.0    25.2    34.5    2.86     2.3    16.2
       1    1993     159   -99.0    24.0    31.0    2.81     2.1     5.9
       1    1993     160     2.5    24.0    32.0    2.87     1.9    66.2
       1    1993     161    12.3    21.8    30.0    2.43     1.0     0.0
       1    1993     162    10.5    23.5    32.0    2.46     0.7     0.0
       1    1993     163    10.5    24.0    34.0    2.60     0.4     0.0
       1    1993     164   -99.0    25.3    27.1    3.10     1.5     0.0
       1    1993     165     8.5    22.7    29.3    2.49     0.7     0.0
       1    1993     166   -99.0    24.3    31.1    2.74     0.2     0.0
       1    1993     167     4.5    24.5    32.0    2.77     0.0     0.0
       1    1993     168    11.8    25.2    32.0    2.95     0.4     0.0
       1    1993     169   -99.0    25.5    32.0    3.07     1.4     0.0
       1    1993     170   -99.0    25.0    29.4    2.82     0.8     1.5
       1    1993     171     0.7    25.5    32.5    2.97     0.6    29.9
       1    1993     172   -99.0    25.3    30.5    3.04     0.6     9.7
       1    1993     173     8.8    26.5    33.5    3.12     2.1     0.0
       1    1993     174   -99.0    22.4    24.0    2.52     3.9    23.7
       1    1993     175   -99.0    20.3    23.1    2.34     1.0     8.2
       1    1993     176     7.0    20.3    27.9    2.27     0.4     0.0
       1    1993     177   -99.0    23.0    27.5    2.70     0.6     0.8
       1    1993     178   -99.0    24.7    28.0    2.93     1.4     0.3
       1    1993     179    12.3    22.5    28.5    2.40     3.5     0.0
       1    1993     180    12.2    22.0    30.0    2.41     0.4     0.0
       1    1993     181    12.0    22.5    31.0    2.46     0.4     0.0
       1    1993     182    12.5    24.0    32.2    2.63     0.6     0.0
       1    1993     183    12.0    25.0    33.0    2.79     0.2     4.9
       1    1993     184   -99.0    23.0    29.8    2.62     1.0    36.3
       1    1993     185     9.5    24.5    31.1    2.86     2.1     0.0
       1    1993     186     3.5    25.3    30.5    2.97     2.1     2.6
       1    1993     187     4.8    24.3    30.0    2.80     2.2     0.0
       1    1993     188     8.5    23.3    31.7    2.58     1.9     0.0
       1    1993     189     6.5    25.0    32.8    2.82     1.5     0.0
       1    1993     190    12.2    21.0    32.7    2.17     1.0     0.0
       1    1993     191    12.0    23.5    33.0    2.64     0.8     0.0
       1    1993     192    11.9    24.0    38.5    2.48     1.5     0.0
       1    1993     193    11.8    25.0    34.5    2.86     1.0     0.0
       1    1993     194    13.0    26.5    35.6    3.12     1.4     0.0
       1    1993     195    12.0    28.2    36.5    3.10     0.4     0.0
       1    1993     196     9.8    29.3    36.3    3.23     1.2     0.0
       1    1993     197     7.9    28.0    36.0    3.33     2.5     3.9
       1    1993     198     3.5    25.5    30.3    3.07     1.5     0.0
       1    1993     199     8.5    25.3    33.5    3.00     0.7     0.0
       1    1993     200   -99.0    26.4    32.3    3.17     0.7     0.0
       1    1993     201     7.8    27.8    33.3    3.37     1.5     0.0
       1    1993     202     3.7    23.5    30.5    2.67     1.3     0.0
       1    1993     203   -99.0    23.5    27.5    2.78     1.8    51.1
       1    1993     204   -99.0    22.0    26.0    2.54     1.7    11.5
       1    1993     205     7.2    23.0    29.5    2.59     1.2     0.0
       1    1993     206     3.5    24.3    29.2    2.89     2.2     0.0
       1    1993     207     3.9    22.5    26.4    2.59     3.5     0.0
       1    1993     208     2.0    22.5    27.0    2.48     5.6     0.0
       1    1993     209     3.5    22.5    28.8    2.57     1.2     0.0
       1    1993     210     4.0    24.0    31.0    2.78     1.2     0.0
       1    1993     211     6.0    25.0    33.1    2.95     0.9     0.0
       1    1993     212     9.0    26.0    32.0    3.16     0.7     0.0
       1    1993     213    11.5    26.7    35.0    3.16     0.4     0.0
       1    1993     214     8.5    26.3    34.0    3.26     1.0     1.8
       1    1993     215    11.8    25.0    34.3    2.89     0.8     0.0
       1    1993     216    11.7    25.0    35.7    2.92     0.7     0.0
       1    1993     217    12.5    27.5    35.5    3.46     0.4     0.0
       1    1993     218    10.5    26.5    32.0    3.19     4.1     0.0
       1    1993     219    10.5    24.2    30.6    2.69     4.5     0.0
       1    1993     220     9.5    22.3    29.8    2.45     3.5     0.0
       1    1993     221   -99.0    20.5    24.4    2.20     2.3     0.0
       1    1993     222   -99.0    20.0    28.5    2.18     0.8     0.0
       1    1993     223     4.6    20.0    29.0    2.15     1.2     1.6
       1    1993     224   -99.0    21.0    21.5    2.42     1.0    15.2
       1    1993     225   -99.0    19.3    21.0    2.17     0.0     5.4
       1    1993     226     1.0    19.3    25.5    2.08     0.6     3.8
       1    1993     227     4.4    20.3    28.0    2.27     0.7     0.0
       1    1993     228     4.8    22.3    27.0    2.59     0.6     0.0
       1    1993     229     2.5    22.0    27.2    2.57     1.8     0.0
       1    1993     230   -99.0    21.3    28.0    2.43     1.5     3.3
       1    1993     231   -99.0    21.5    25.0    2.49     1.1    11.7
       1    1993     232     3.5    22.0    29.0    2.54     2.1     5.3
       1    1993     233     8.5    24.0    32.5    2.81     1.5     0.0
       1    1993     234     7.0    26.3    34.0    3.26     1.2     0.0
       1    1993     235     8.2    25.0    35.0    3.05     1.3     0.0
       1    1993     236     7.8    26.0    34.8    3.23     2.4     7.5
       1    1993     237     2.6    24.0    29.3    2.93     2.1     5.3
       1    1993     238     7.3    24.8    31.5    3.04     0.0     0.0
       1    1993     239     7.8    23.0    32.3    2.67     0.6     0.0
       1    1993     240     5.6    23.0    33.0    2.70     0.0     0.0
       1    1993     241     5.8    21.5    34.0    2.41     0.0     0.0
       1    1993     242     9.9    22.7    33.0    2.62     1.0     0.0
       1    1993     243    10.0    21.0    33.6    2.37     0.4     0.0
       1    1993     244     8.9    20.8    32.7    2.29     0.6     0.0
       1    1993     245     9.1    22.7    33.5    2.65     1.1     0.0
       1    1993     246     9.0    23.0    34.3    2.64     0.7     0.0
       1    1993     247     9.8    24.5    34.5    2.89     1.8     0.0
       1    1993     248     4.3    24.3    28.0    2.92     2.9     0.0
       1    1993     249   -99.0    17.8    28.0    1.90     3.7     0.0
       1    1993     250     8.5    19.3    28.3    2.06     2.7     0.0
       1    1993     251     3.8    20.3    29.0    2.24     3.4    12.8
       1    1993     252   -99.0    21.7    27.5    2.44     2.6     1.1
       1    1993     253     6.4    21.8    31.0    2.48     1.0     0.0
       1    1993     254    10.0    22.5    34.0    2.57     0.4     0.0
       1    1993     255     1.0    20.5    22.0    2.32     5.2     0.0
       1    1993     256   -99.0    17.5    19.5    1.96     5.9     0.0
       1    1993     257   -99.0    18.0    18.3    2.00     6.1     3.8
       1    1993     258     4.5    16.2    23.2    1.81     4.3     0.0
       1    1993     259     7.8    14.3    26.3    1.55     1.3     0.0
       1    1993     260     8.3    17.0    27.5    1.82     0.7     0.0
       1    1993     261     9.0    16.5    29.7    1.78     0.4     0.0
       1    1993     262     8.5    18.5    30.2    2.05     0.8     0.0
       1    1993     263     4.5    21.5    28.9    2.44     1.7     0.0
       1    1993     264   -99.0    18.2    18.7    2.01     3.5     0.9
       1    1993     265     8.0    16.3    35.5    1.65     4.5     7.8
       1    1993     266    10.0    13.0    29.0    1.32     0.4     0.0
       1    1993     267     9.0    16.5    26.5    1.65     0.6     0.0
       1    1993     268   -99.0    14.5    27.0    1.49     0.7     0.0
       1    1993     269     4.2    18.5    27.0    1.96     1.0     0.0
       1    1993     270     2.4    18.0    26.5    1.86     1.1     0.0
       1    1993     271     8.4    16.5    29.5    1.73     0.5     0.0
       1    1993     272     8.3    16.8    29.4    1.72     0.4     0.0
       1    1993     273     7.8    15.8    28.9    1.58     1.1     0.0
       1    1993     274     9.5    17.6    32.7    1.73     1.5     0.0
       1    1993     275     8.4    15.6    34.0    1.56     1.2     0.0
       1    1993     276   -99.0    16.5    24.5    1.62     0.7     0.0
       1    1993     277     5.0    18.0    30.5    1.82     0.0     0.0
       1    1993     278   -99.0    17.0    24.5    1.82     0.7     0.0
       1    1993     279     8.4    15.0    26.0    1.37     1.9     0.0
       1    1993     280     7.8    10.7    26.5    1.13     0.0     0.0
       1    1993     281     8.7    10.5    27.0    1.16     0.0     0.0
       1    1993     282     6.8    12.0    27.3    1.25     0.6     0.0
       1    1993     283     5.4    12.0    29.5    1.23     1.1     0.0
       1    1993     284     8.6    14.0    28.3    1.38     0.4     0.0
       1    1993     285     2.8    18.0    24.9    1.80     0.0     0.0
       1    1993     286     7.5    13.7    28.0    1.46     0.4     0.0
       1    1993     287     8.8    12.7    29.5    1.34     0.7     0.0
       1    1993     288     8.5    14.5    31.0    1.44     0.0     0.0
       1    1993     289     5.1    17.0    28.5    1.69     2.1    15.7
       1    1993     290   -99.0    19.5    28.6    2.13     2.2     2.7
       1    1993     291   -99.0    19.5    26.8    2.00     2.4     0.0
       1    1993     292   -99.0    10.5    14.6    1.21     3.3    24.0
       1    1993     293   -99.0     7.5    11.0    0.99     4.0     0.0
       1    1993     294   -99.0    10.0    13.0    1.18     3.2     0.0
       1    1993     295   -99.0     6.5     7.6    0.95     1.8     4.5
       1    1993     296     6.5     7.0    18.5    0.98     2.1     0.0
       1    1993     297     3.4     7.0    20.0    0.95     0.6     0.0
       1    1993     298     5.0    12.5    20.0    1.32     4.3     0.0
       1    1993     299     6.4     9.0    20.2    1.01     1.8     0.0
       1    1993     300   -99.0     8.4    22.3    1.04     0.7     0.0
       1    1993     301   -99.0    10.5    13.0    1.13     2.2     0.0
       1    1993     302   -99.0     7.0    14.5    0.90     2.4     0.0
       1    1993     303     5.4    11.5    19.5    1.25     2.4     0.0
       1    1993     304   -99.0    12.5    14.0    1.36     2.8     1.6
       1    1993     305     2.0    11.2    15.5    1.17     2.6     0.0
       1    1993     306     6.0     7.6    19.0    0.92     1.3     0.0
       1    1993     307     6.7    10.0    20.4    1.03     2.1     0.0
       1    1993     308   -99.0     3.3    22.0    0.67     1.3     0.0
       1    1993     309     6.7     5.5    22.0    0.80     0.7     0.0
       1    1993     310     8.0     5.5    22.0    0.82     1.3     0.0
       1    1993     311     8.0     8.7    25.0    1.02     0.4     0.0
       1    1993     312     7.2    10.0    21.5    1.11     1.1     0.0
       1    1993     313   -99.0     9.1    18.6    1.05     0.6     0.0
       1    1993     314     4.5    10.0    20.5    1.12     0.2     0.0
       1    1993     315     4.2     9.0    21.6    1.09     0.6     0.0
       1    1993     316     3.6    10.5    22.1    1.16     0.4     0.5
       1    1993     317   -99.0    10.5    12.9    1.17     0.8    25.5
       1    1993     318   -99.0     9.0    11.0    1.08     2.4     9.0
       1    1993     319     3.0     8.5    13.8    1.02     0.7     1.0
       1    1993     320     6.2     4.0    17.5    0.74     1.3     0.0
       1    1993     321   -99.0     5.5    12.5    0.84     3.5     0.0
       1    1993     322     1.0     5.5    10.8    0.80     3.7     0.0
       1    1993     323   -99.0     1.0     6.0    0.60     3.6     7.4
       1    1993     324     2.0     1.0     9.5    0.62     2.1     0.0
       1    1993     325     5.1     7.0    12.0    0.95     0.2     0.0
       1    1993     326   -99.0     2.0    10.3    0.68     0.6     0.3
       1    1993     327     2.0     7.7    10.3    1.01     1.2     0.0
       1    1993     328     6.5     8.0    16.5    1.03     0.7     0.0
       1    1993     329     6.5    -0.3    16.5    0.55     0.7     0.0
       1    1993     330     8.0     3.5    14.5    0.71     0.0     0.0
       1    1993     331     8.0     3.0    18.0    0.68     0.0     0.0
       1    1993     332     7.5     3.5    18.0    0.72     0.6     0.0
       1    1993     333     2.0     3.5    18.0    0.74     1.5     0.0
       1    1993     334   -99.0     1.6    17.0    0.61     0.6     0.0
       1    1993     335     4.8     3.5    12.0    0.71     0.0     0.0
       1    1993     336   -99.0     9.7    12.0    1.14     0.7     2.8
       1    1993     337   -99.0     7.0    13.5    0.96     0.6     0.0
       1    1993     338     3.0    10.2    13.6    1.23     0.8     2.5
       1    1993     339   -99.0     1.6     8.0    0.64     2.1    13.2
       1    1993     340   -99.0     7.3     3.5    0.97     5.0     0.0
       1    1993     341   -99.0     1.5     2.5    0.66     5.7     4.0
       1    1993     342   -99.0     7.0     8.5    0.96     1.9     2.5
       1    1993     343     8.0     1.5     9.0    0.60     0.3     0.0
       1    1993     344     8.5     3.0    10.0    0.73     0.3     0.0
       1    1993     345     6.0     3.0    11.0    0.67     0.2     0.0
       1    1993     346     5.8     1.5    10.0    0.64     1.2     0.0
       1    1993     347   -99.0     0.5     4.0    0.61     0.3     0.0
       1    1993     348   -99.0     0.5     8.0    0.62     1.2     0.0
       1    1993     349   -99.0     3.1     9.0    0.75     0.7     0.0
       1    1993     350     1.0     5.8    12.0    0.89     2.6     7.5
       1    1993     351   -99.0     4.0     7.0    0.79     4.0     5.1
       1    1993     352   -99.0     6.0     7.8    0.88     2.1     0.0
       1    1993     353   -99.0     3.8     4.5    0.77     2.6     1.0
       1    1993     354   -99.0     2.3     4.5    0.65     2.7     1.0
       1    1993     355   -99.0     2.2     5.4    0.68     3.2     0.7
       1    1993     356   -99.0     1.0     3.0    0.64     3.2     3.2
       1    1993     357   -99.0     1.4     4.5    0.66     2.7     0.0
       1    1993     358   -99.0     2.0     3.5    0.68     2.3     0.0
       1    1993     359   -99.0    -0.8     1.0    0.55     2.6     0.0
       1    1993     360   -99.0    -3.0     1.0    0.46     2.4     0.0
       1    1993     361   -99.0    -2.4     2.8    0.45     0.6     0.0
       1    1993     362   -99.0     0.0     4.0    0.58     0.0     0.0
       1    1993     363     2.8     0.0     7.0    0.60     0.4     0.0
       1    1993     364     7.6    -2.4     8.8    0.47     0.0     0.0
       1    1993     365     8.0     0.0     8.0    0.55     0.4     0.0
